---
title: "semmcci: Methods (MC)"
author: "Ivan Jacob Agaloos Pesigan"
date: "2023-08-29"
bibliography: "vignettes.bib"
csl: https://raw.githubusercontent.com/citation-style-language/styles/master/apa.csl
nocite: |
  @Pesigan-Cheung-2023
output:
  rmarkdown::html_vignette:
    toc: true
vignette: >
  %\VignetteIndexEntry{semmcci: Methods (MC)}
  %\VignetteEngine{knitr::rmarkdown}
  %\VignetteEncoding{UTF-8}
---

<!-- vignettes/methods-mc.Rmd is generated from .setup/vignettes/methods-mc.Rmd.orig. Please edit that file -->






```r
library(semmcci)
library(lavaan)
```

## Data




```r
summary(df)
#>        X                   M                   Y           
#>  Min.   :-3.199558   Min.   :-3.371276   Min.   :-3.61432  
#>  1st Qu.:-0.636035   1st Qu.:-0.692640   1st Qu.:-0.66146  
#>  Median : 0.011377   Median : 0.007125   Median :-0.04726  
#>  Mean   :-0.003207   Mean   :-0.023968   Mean   :-0.01677  
#>  3rd Qu.: 0.651951   3rd Qu.: 0.647363   3rd Qu.: 0.62640  
#>  Max.   : 3.470910   Max.   : 2.963216   Max.   : 3.09950
colMeans(df)
#>            X            M            Y 
#> -0.003206987 -0.023968103 -0.016774294
var(df)
#>           X         M         Y
#> X 1.0600162 0.5108780 0.5069458
#> M 0.5108780 0.9996606 0.6272104
#> Y 0.5069458 0.6272104 0.9837255
```

## Model Specification


```r
model <- "
  Y ~ cp * X + b * M
  M ~ a * X
  indirect := a * b
  direct := cp
  total := cp + (a * b)
"
```

## Model Fitting


```r
fit <- sem(data = df, model = model)
```

## Monte Carlo Confidence Intervals


```r
unstd <- MC(fit, R = 20000L, alpha = 0.05)
```

## Methods

### print


```r
print(unstd)
#> Monte Carlo Confidence Intervals
#>             est     se     R   2.5%  97.5%
#> cp       0.2333 0.0262 20000 0.1817 0.2843
#> b        0.5082 0.0270 20000 0.4557 0.5610
#> a        0.4820 0.0266 20000 0.4296 0.5340
#> Y~~Y     0.5462 0.0243 20000 0.4987 0.5940
#> M~~M     0.7527 0.0335 20000 0.6870 0.8188
#> X~~X     1.0590 0.0000 20000 1.0590 1.0590
#> indirect 0.2449 0.0188 20000 0.2091 0.2825
#> direct   0.2333 0.0262 20000 0.1817 0.2843
#> total    0.4782 0.0263 20000 0.4266 0.5297
```

### summary


```r
summary(unstd)
#> Monte Carlo Confidence Intervals
#>             est     se     R   2.5%  97.5%
#> cp       0.2333 0.0262 20000 0.1817 0.2843
#> b        0.5082 0.0270 20000 0.4557 0.5610
#> a        0.4820 0.0266 20000 0.4296 0.5340
#> Y~~Y     0.5462 0.0243 20000 0.4987 0.5940
#> M~~M     0.7527 0.0335 20000 0.6870 0.8188
#> X~~X     1.0590 0.0000 20000 1.0590 1.0590
#> indirect 0.2449 0.0188 20000 0.2091 0.2825
#> direct   0.2333 0.0262 20000 0.1817 0.2843
#> total    0.4782 0.0263 20000 0.4266 0.5297
```

### coef


```r
coef(unstd)
#>        cp         b         a      Y~~Y      M~~M      X~~X  indirect    direct 
#> 0.2333230 0.5081833 0.4819530 0.5461589 0.7526879 1.0589562 0.2449205 0.2333230 
#>     total 
#> 0.4782435
```

### vcov


```r
vcov(unstd)
#>                     cp             b             a          Y~~Y          M~~M
#> cp        6.850754e-04 -3.519432e-04 -3.425872e-06  4.733792e-06  7.958936e-06
#> b        -3.519432e-04  7.297980e-04 -1.076142e-06 -9.256088e-06 -4.989689e-06
#> a        -3.425872e-06 -1.076142e-06  7.059273e-04 -1.321540e-06  1.194713e-05
#> Y~~Y      4.733792e-06 -9.256088e-06 -1.321540e-06  5.923547e-04  3.601459e-06
#> M~~M      7.958936e-06 -4.989689e-06  1.194713e-05  3.601459e-06  1.123123e-03
#> X~~X      0.000000e+00  0.000000e+00  0.000000e+00  0.000000e+00  0.000000e+00
#> indirect -1.714112e-04  3.512540e-04  3.582108e-04 -5.238181e-06  3.509890e-06
#> direct    6.850754e-04 -3.519432e-04 -3.425872e-06  4.733792e-06  7.958936e-06
#> total     5.136642e-04 -6.891775e-07  3.547849e-04 -5.043888e-07  1.146883e-05
#>          X~~X      indirect        direct         total
#> cp          0 -1.714112e-04  6.850754e-04  5.136642e-04
#> b           0  3.512540e-04 -3.519432e-04 -6.891775e-07
#> a           0  3.582108e-04 -3.425872e-06  3.547849e-04
#> Y~~Y        0 -5.238181e-06  4.733792e-06 -5.043888e-07
#> M~~M        0  3.509890e-06  7.958936e-06  1.146883e-05
#> X~~X        0  0.000000e+00  0.000000e+00  0.000000e+00
#> indirect    0  3.518667e-04 -1.714112e-04  1.804554e-04
#> direct      0 -1.714112e-04  6.850754e-04  5.136642e-04
#> total       0  1.804554e-04  5.136642e-04  6.941196e-04
```

### confint


```r
confint(unstd, level = 0.95)
#>              2.5 %    97.5 %
#> cp       0.1816893 0.2843442
#> b        0.4556673 0.5610362
#> a        0.4296257 0.5339661
#> Y~~Y     0.4987160 0.5940438
#> M~~M     0.6869610 0.8187697
#> X~~X     1.0589562 1.0589562
#> indirect 0.2091027 0.2824619
#> direct   0.1816893 0.2843442
#> total    0.4266222 0.5296828
```

## Standardized Monte Carlo Confidence Intervals


```r
fit <- sem(data = df, model = model, fixed.x = FALSE)
unstd <- MC(fit, R = 20000L, alpha = 0.05)
```


```r
std <- MCStd(unstd, alpha = 0.05)
```

## Methods

### print


```r
print(std)
#> Standardized Monte Carlo Confidence Intervals
#>             est     se     R   2.5%  97.5%
#> cp       0.2422 0.0267 20000 0.1892 0.2943
#> b        0.5123 0.0246 20000 0.4632 0.5600
#> a        0.4963 0.0239 20000 0.4491 0.5426
#> Y~~Y     0.5558 0.0234 20000 0.5097 0.6010
#> M~~M     0.7537 0.0237 20000 0.7056 0.7983
#> X~~X     1.0000 0.0000 20000 1.0000 1.0000
#> indirect 0.2542 0.0176 20000 0.2200 0.2890
#> direct   0.2422 0.0267 20000 0.1892 0.2943
#> total    0.4964 0.0238 20000 0.4483 0.5419
```

### summary


```r
summary(std)
#> Standardized Monte Carlo Confidence Intervals
#>             est     se     R   2.5%  97.5%
#> cp       0.2422 0.0267 20000 0.1892 0.2943
#> b        0.5123 0.0246 20000 0.4632 0.5600
#> a        0.4963 0.0239 20000 0.4491 0.5426
#> Y~~Y     0.5558 0.0234 20000 0.5097 0.6010
#> M~~M     0.7537 0.0237 20000 0.7056 0.7983
#> X~~X     1.0000 0.0000 20000 1.0000 1.0000
#> indirect 0.2542 0.0176 20000 0.2200 0.2890
#> direct   0.2422 0.0267 20000 0.1892 0.2943
#> total    0.4964 0.0238 20000 0.4483 0.5419
```

### coef


```r
coef(std)
#>        cp         b         a      Y~~Y      M~~M      X~~X  indirect    direct 
#> 0.2422015 0.5122827 0.4962890 0.5557501 0.7536972 1.0000000 0.2542403 0.2422015 
#>     total 
#> 0.4964418
```

### vcov


```r
vcov(std)
#>                     cp             b             a          Y~~Y          M~~M
#> cp        7.149563e-04 -4.663754e-04  2.187059e-06 -1.194219e-04 -2.501607e-06
#> b        -4.663754e-04  6.054848e-04  2.155438e-05 -3.078735e-04 -2.131240e-05
#> a         2.187059e-06  2.155438e-05  5.693070e-04 -1.699765e-04 -5.641069e-04
#> Y~~Y     -1.194219e-04 -3.078735e-04 -1.699765e-04  5.496494e-04  1.687174e-04
#> M~~M     -2.501607e-06 -2.131240e-05 -5.641069e-04  1.687174e-04  5.596151e-04
#> X~~X      6.735095e-21 -1.660024e-21 -1.861075e-20  6.812066e-22  1.825931e-20
#> indirect -2.300915e-04  3.113060e-04  3.020869e-04 -2.396704e-04 -2.993176e-04
#> direct    7.149563e-04 -4.663754e-04  2.187059e-06 -1.194219e-04 -2.501607e-06
#> total     4.848648e-04 -1.550694e-04  3.042740e-04 -3.590923e-04 -3.018192e-04
#>                   X~~X      indirect        direct         total
#> cp        6.735095e-21 -2.300915e-04  7.149563e-04  4.848648e-04
#> b        -1.660024e-21  3.113060e-04 -4.663754e-04 -1.550694e-04
#> a        -1.861075e-20  3.020869e-04  2.187059e-06  3.042740e-04
#> Y~~Y      6.812066e-22 -2.396704e-04 -1.194219e-04 -3.590923e-04
#> M~~M      1.825931e-20 -2.993176e-04 -2.501607e-06 -3.018192e-04
#> X~~X      1.197403e-32 -1.019512e-20  6.735095e-21 -3.460029e-21
#> indirect -1.019512e-20  3.093501e-04 -2.300915e-04  7.925855e-05
#> direct    6.735095e-21 -2.300915e-04  7.149563e-04  4.848648e-04
#> total    -3.460029e-21  7.925855e-05  4.848648e-04  5.641233e-04
```

### confint


```r
confint(std, level = 0.95)
#>              2.5 %    97.5 %
#> cp       0.1892006 0.2942606
#> b        0.4632090 0.5600258
#> a        0.4490696 0.5425643
#> Y~~Y     0.5096559 0.6009631
#> M~~M     0.7056239 0.7983365
#> X~~X     1.0000000 1.0000000
#> indirect 0.2200075 0.2889938
#> direct   0.1892006 0.2942606
#> total    0.4482998 0.5418576
```

# References
