---
title: "semmcci: Methods (MC)"
author: "Ivan Jacob Agaloos Pesigan"
date: "2023-08-10"
bibliography: "vignettes.bib"
csl: https://raw.githubusercontent.com/citation-style-language/styles/master/apa.csl
nocite: |
  @Pesigan-Cheung-2023
output:
  rmarkdown::html_vignette:
    toc: true
vignette: >
  %\VignetteIndexEntry{semmcci: Methods (MC)}
  %\VignetteEngine{knitr::rmarkdown}
  %\VignetteEncoding{UTF-8}
---

<!-- vignettes/methods-mc.Rmd is generated from .setup/vignettes/methods-mc.Rmd.orig. Please edit that file -->






```r
library(semmcci)
library(lavaan)
```

## Data




```r
summary(df)
#>        X                   M                   Y           
#>  Min.   :-3.199558   Min.   :-3.371276   Min.   :-3.61432  
#>  1st Qu.:-0.636035   1st Qu.:-0.692640   1st Qu.:-0.66146  
#>  Median : 0.011377   Median : 0.007125   Median :-0.04726  
#>  Mean   :-0.003207   Mean   :-0.023968   Mean   :-0.01677  
#>  3rd Qu.: 0.651951   3rd Qu.: 0.647363   3rd Qu.: 0.62640  
#>  Max.   : 3.470910   Max.   : 2.963216   Max.   : 3.09950
colMeans(df)
#>            X            M            Y 
#> -0.003206987 -0.023968103 -0.016774294
var(df)
#>           X         M         Y
#> X 1.0600162 0.5108780 0.5069458
#> M 0.5108780 0.9996606 0.6272104
#> Y 0.5069458 0.6272104 0.9837255
```

## Model Specification


```r
model <- "
  Y ~ cp * X + b * M
  M ~ a * X
  indirect := a * b
  direct := cp
  total := cp + (a * b)
"
```

## Model Fitting


```r
fit <- sem(data = df, model = model)
```

## Monte Carlo Confidence Intervals


```r
unstd <- MC(fit, R = 20000L, alpha = 0.05)
```

## Methods

### print


```r
print(unstd)
#> Monte Carlo Confidence Intervals
#>             est     se     R   2.5%  97.5%
#> cp       0.2333 0.0263 20000 0.1814 0.2846
#> b        0.5082 0.0270 20000 0.4557 0.5616
#> a        0.4820 0.0265 20000 0.4301 0.5338
#> Y~~Y     0.5462 0.0244 20000 0.4986 0.5937
#> M~~M     0.7527 0.0338 20000 0.6862 0.8185
#> X~~X     1.0590 0.0000 20000 1.0590 1.0590
#> indirect 0.2449 0.0188 20000 0.2090 0.2835
#> direct   0.2333 0.0263 20000 0.1814 0.2846
#> total    0.4782 0.0266 20000 0.4262 0.5309
```

### summary


```r
summary(unstd)
#> Monte Carlo Confidence Intervals
#>             est     se     R   2.5%  97.5%
#> cp       0.2333 0.0263 20000 0.1814 0.2846
#> b        0.5082 0.0270 20000 0.4557 0.5616
#> a        0.4820 0.0265 20000 0.4301 0.5338
#> Y~~Y     0.5462 0.0244 20000 0.4986 0.5937
#> M~~M     0.7527 0.0338 20000 0.6862 0.8185
#> X~~X     1.0590 0.0000 20000 1.0590 1.0590
#> indirect 0.2449 0.0188 20000 0.2090 0.2835
#> direct   0.2333 0.0263 20000 0.1814 0.2846
#> total    0.4782 0.0266 20000 0.4262 0.5309
```

### coef


```r
coef(unstd)
#>        cp         b         a      Y~~Y      M~~M      X~~X  indirect    direct 
#> 0.2333230 0.5081833 0.4819530 0.5461589 0.7526879 1.0589562 0.2449205 0.2333230 
#>     total 
#> 0.4782435
```

### vcov


```r
vcov(unstd)
#>                     cp             b            a          Y~~Y          M~~M
#> cp        6.894981e-04 -3.516867e-04 3.721576e-06 -2.542958e-07  1.545476e-06
#> b        -3.516867e-04  7.314641e-04 1.536357e-06  4.126932e-06  6.088854e-06
#> a         3.721576e-06  1.536357e-06 7.038364e-04  4.721309e-06  3.237332e-06
#> Y~~Y     -2.542958e-07  4.126932e-06 4.721309e-06  5.931447e-04 -5.397208e-06
#> M~~M      1.545476e-06  6.088854e-06 3.237332e-06 -5.397208e-06  1.140217e-03
#> X~~X      0.000000e+00  0.000000e+00 0.000000e+00  0.000000e+00  0.000000e+00
#> indirect -1.675720e-04  3.532916e-04 3.584667e-04  4.255567e-06  4.854275e-06
#> direct    6.894981e-04 -3.516867e-04 3.721576e-06 -2.542958e-07  1.545476e-06
#> total     5.219262e-04  1.604858e-06 3.621883e-04  4.001271e-06  6.399750e-06
#>          X~~X      indirect        direct        total
#> cp          0 -1.675720e-04  6.894981e-04 5.219262e-04
#> b           0  3.532916e-04 -3.516867e-04 1.604858e-06
#> a           0  3.584667e-04  3.721576e-06 3.621883e-04
#> Y~~Y        0  4.255567e-06 -2.542958e-07 4.001271e-06
#> M~~M        0  4.854275e-06  1.545476e-06 6.399750e-06
#> X~~X        0  0.000000e+00  0.000000e+00 0.000000e+00
#> indirect    0  3.529709e-04 -1.675720e-04 1.853990e-04
#> direct      0 -1.675720e-04  6.894981e-04 5.219262e-04
#> total       0  1.853990e-04  5.219262e-04 7.073251e-04
```

### confint


```r
confint(unstd, level = 0.95)
#>              2.5 %    97.5 %
#> cp       0.1813609 0.2846457
#> b        0.4556637 0.5616141
#> a        0.4301192 0.5338460
#> Y~~Y     0.4985579 0.5937181
#> M~~M     0.6862110 0.8184961
#> X~~X     1.0589562 1.0589562
#> indirect 0.2089575 0.2834562
#> direct   0.1813609 0.2846457
#> total    0.4261843 0.5309186
```

## Standardized Monte Carlo Confidence Intervals


```r
fit <- sem(data = df, model = model, fixed.x = FALSE)
unstd <- MC(fit, R = 20000L, alpha = 0.05)
```


```r
std <- MCStd(unstd, alpha = 0.05)
```

## Methods

### print


```r
print(std)
#> Standardized Monte Carlo Confidence Intervals
#>             est     se     R   2.5%  97.5%
#> cp       0.2422 0.0270 20000 0.1892 0.2953
#> b        0.5123 0.0247 20000 0.4627 0.5602
#> a        0.4963 0.0237 20000 0.4489 0.5418
#> Y~~Y     0.5558 0.0234 20000 0.5098 0.6019
#> M~~M     0.7537 0.0235 20000 0.7065 0.7985
#> X~~X     1.0000 0.0000 20000 1.0000 1.0000
#> indirect 0.2542 0.0175 20000 0.2197 0.2887
#> direct   0.2422 0.0270 20000 0.1892 0.2953
#> total    0.4964 0.0239 20000 0.4476 0.5420
```

### summary


```r
summary(std)
#> Standardized Monte Carlo Confidence Intervals
#>             est     se     R   2.5%  97.5%
#> cp       0.2422 0.0270 20000 0.1892 0.2953
#> b        0.5123 0.0247 20000 0.4627 0.5602
#> a        0.4963 0.0237 20000 0.4489 0.5418
#> Y~~Y     0.5558 0.0234 20000 0.5098 0.6019
#> M~~M     0.7537 0.0235 20000 0.7065 0.7985
#> X~~X     1.0000 0.0000 20000 1.0000 1.0000
#> indirect 0.2542 0.0175 20000 0.2197 0.2887
#> direct   0.2422 0.0270 20000 0.1892 0.2953
#> total    0.4964 0.0239 20000 0.4476 0.5420
```

### coef


```r
coef(std)
#>        cp         b         a      Y~~Y      M~~M      X~~X  indirect    direct 
#> 0.2422015 0.5122827 0.4962890 0.5557501 0.7536972 1.0000000 0.2542403 0.2422015 
#>     total 
#> 0.4964418
```

### vcov


```r
vcov(std)
#>                     cp             b             a          Y~~Y          M~~M
#> cp        7.282779e-04 -4.752106e-04  6.237173e-06 -1.229146e-04 -5.989485e-06
#> b        -4.752106e-04  6.125120e-04  1.642942e-05 -3.060508e-04 -1.640917e-05
#> a         6.237173e-06  1.642942e-05  5.611590e-04 -1.652819e-04 -5.557632e-04
#> Y~~Y     -1.229146e-04 -3.060508e-04 -1.652819e-04  5.492649e-04  1.636993e-04
#> M~~M     -5.989485e-06 -1.640917e-05 -5.557632e-04  1.636993e-04  5.510681e-04
#> X~~X      1.208780e-20 -2.733152e-20  5.090204e-21  2.020607e-20 -4.993279e-21
#> indirect -2.328475e-04  3.124387e-04  2.954377e-04 -2.362630e-04 -2.926850e-04
#> direct    7.282779e-04 -4.752106e-04  6.237173e-06 -1.229146e-04 -5.989485e-06
#> total     4.954305e-04 -1.627720e-04  3.016748e-04 -3.591776e-04 -2.986745e-04
#>                   X~~X      indirect        direct         total
#> cp        1.208780e-20 -2.328475e-04  7.282779e-04  4.954305e-04
#> b        -2.733152e-20  3.124387e-04 -4.752106e-04 -1.627720e-04
#> a         5.090204e-21  2.954377e-04  6.237173e-06  3.016748e-04
#> Y~~Y      2.020607e-20 -2.362630e-04 -1.229146e-04 -3.591776e-04
#> M~~M     -4.993279e-21 -2.926850e-04 -5.989485e-06 -2.986745e-04
#> X~~X      1.169606e-32 -1.121914e-20  1.208780e-20  8.686663e-22
#> indirect -1.121914e-20  3.066708e-04 -2.328475e-04  7.382336e-05
#> direct    1.208780e-20 -2.328475e-04  7.282779e-04  4.954305e-04
#> total     8.686663e-22  7.382336e-05  4.954305e-04  5.692539e-04
```

### confint


```r
confint(std, level = 0.95)
#>              2.5 %    97.5 %
#> cp       0.1891588 0.2953162
#> b        0.4626739 0.5601948
#> a        0.4488589 0.5417857
#> Y~~Y     0.5097851 0.6018754
#> M~~M     0.7064682 0.7985256
#> X~~X     1.0000000 1.0000000
#> indirect 0.2197282 0.2887010
#> direct   0.1891588 0.2953162
#> total    0.4476136 0.5419957
```

# References
