---
title: "semmcci: Methods (MI)"
author: "Ivan Jacob Agaloos Pesigan"
date: "2023-10-03"
bibliography: "vignettes.bib"
csl: https://raw.githubusercontent.com/citation-style-language/styles/master/apa.csl
nocite: |
  @Pesigan-Cheung-2023
output:
  rmarkdown::html_vignette:
    toc: true
vignette: >
  %\VignetteIndexEntry{semmcci: Methods (MI)}
  %\VignetteEngine{knitr::rmarkdown}
  %\VignetteEncoding{UTF-8}
---

<!-- vignettes/methods-mc-mi.Rmd is generated from .setup/vignettes/methods-mc-mi.Rmd.orig. Please edit that file -->






```r
library(semmcci)
library(lavaan)
```

## Data




```r
summary(df)
#>        X                  M                  Y           
#>  Min.   :-3.19956   Min.   :-3.37128   Min.   :-3.61432  
#>  1st Qu.:-0.63268   1st Qu.:-0.70516   1st Qu.:-0.66921  
#>  Median : 0.02823   Median : 0.02825   Median :-0.04833  
#>  Mean   : 0.00269   Mean   :-0.01992   Mean   :-0.01538  
#>  3rd Qu.: 0.65754   3rd Qu.: 0.65240   3rd Qu.: 0.65293  
#>  Max.   : 3.47091   Max.   : 2.93497   Max.   : 3.09950  
#>  NA's   :100        NA's   :100        NA's   :100
```

## Multiple Imputation

Perform the appropriate multiple imputation approach to deal with missing values.
In this example, we impute multivariate missing data under the normal model.


```r
mi <- mice::mice(
  df,
  method = "norm",
  m = 100,
  print = FALSE,
  seed = 42
)
```

## Model Specification


```r
model <- "
  Y ~ cp * X + b * M
  M ~ a * X
  X ~~ X
  indirect := a * b
  direct := cp
  total := cp + (a * b)
"
```

## Model Fitting


```r
fit <- sem(data = df, model = model)
```

## Monte Carlo Confidence Intervals


```r
unstd <- MCMI(fit, mi = mi, R = 20000L, alpha = 0.05)
```

## Methods

### print


```r
print(unstd)
#> Monte Carlo Confidence Intervals (Multiple Imputation Estimates)
#>             est     se     R   2.5%  97.5%
#> cp       0.2328 0.0300 20000 0.1739 0.2919
#> b        0.5113 0.0300 20000 0.4529 0.5701
#> a        0.4811 0.0287 20000 0.4247 0.5380
#> X~~X     1.0617 0.0490 20000 0.9661 1.1577
#> Y~~Y     0.5533 0.0270 20000 0.5004 0.6064
#> M~~M     0.7568 0.0365 20000 0.6845 0.8279
#> indirect 0.2460 0.0204 20000 0.2079 0.2873
#> direct   0.2328 0.0300 20000 0.1739 0.2919
#> total    0.4788 0.0287 20000 0.4227 0.5349
```

### summary


```r
summary(unstd)
#> Monte Carlo Confidence Intervals (Multiple Imputation Estimates)
#>             est     se     R   2.5%  97.5%
#> cp       0.2328 0.0300 20000 0.1739 0.2919
#> b        0.5113 0.0300 20000 0.4529 0.5701
#> a        0.4811 0.0287 20000 0.4247 0.5380
#> X~~X     1.0617 0.0490 20000 0.9661 1.1577
#> Y~~Y     0.5533 0.0270 20000 0.5004 0.6064
#> M~~M     0.7568 0.0365 20000 0.6845 0.8279
#> indirect 0.2460 0.0204 20000 0.2079 0.2873
#> direct   0.2328 0.0300 20000 0.1739 0.2919
#> total    0.4788 0.0287 20000 0.4227 0.5349
```

### coef


```r
coef(unstd)
#>        cp         b         a      X~~X      Y~~Y      M~~M  indirect    direct 
#> 0.2328242 0.5113353 0.4810732 1.0617011 0.5533052 0.7567771 0.2459664 0.2328242 
#>     total 
#> 0.4787907
```

### vcov


```r
vcov(unstd)
#>                     cp             b             a          X~~X          Y~~Y
#> cp        8.976959e-04 -4.778578e-04 -2.712156e-05  1.619916e-05 -1.834247e-05
#> b        -4.778578e-04  8.989860e-04 -2.009345e-05 -1.501020e-05 -2.818858e-05
#> a        -2.712156e-05 -2.009345e-05  8.212069e-04 -1.695092e-05  2.289873e-05
#> X~~X      1.619916e-05 -1.501020e-05 -1.695092e-05  2.398590e-03 -2.376824e-05
#> Y~~Y     -1.834247e-05 -2.818858e-05  2.289873e-05 -2.376824e-05  7.308246e-04
#> M~~M     -4.326941e-06  1.982831e-06 -6.100780e-05 -1.575858e-05 -1.770001e-06
#> indirect -2.440484e-04  4.229438e-04  4.103441e-04 -1.581203e-05 -1.770199e-06
#> direct    8.976959e-04 -4.778578e-04 -2.712156e-05  1.619916e-05 -1.834247e-05
#> total     6.536476e-04 -5.491403e-05  3.832225e-04  3.871278e-07 -2.011267e-05
#>                   M~~M      indirect        direct         total
#> cp       -4.326941e-06 -2.440484e-04  8.976959e-04  6.536476e-04
#> b         1.982831e-06  4.229438e-04 -4.778578e-04 -5.491403e-05
#> a        -6.100780e-05  4.103441e-04 -2.712156e-05  3.832225e-04
#> X~~X     -1.575858e-05 -1.581203e-05  1.619916e-05  3.871278e-07
#> Y~~Y     -1.770001e-06 -1.770199e-06 -1.834247e-05 -2.011267e-05
#> M~~M      1.335172e-03 -3.039847e-05 -4.326941e-06 -3.472541e-05
#> indirect -3.039847e-05  4.144463e-04 -2.440484e-04  1.703979e-04
#> direct   -4.326941e-06 -2.440484e-04  8.976959e-04  6.536476e-04
#> total    -3.472541e-05  1.703979e-04  6.536476e-04  8.240455e-04
```

### confint


```r
confint(unstd, level = 0.95)
#>              2.5 %    97.5 %
#> cp       0.1738918 0.2918754
#> b        0.4528525 0.5700742
#> a        0.4247062 0.5380305
#> X~~X     0.9660970 1.1577498
#> Y~~Y     0.5003906 0.6064019
#> M~~M     0.6845242 0.8279440
#> indirect 0.2078669 0.2872701
#> direct   0.1738918 0.2918754
#> total    0.4227015 0.5349037
```

## Standardized Monte Carlo Confidence Intervals


```r
fit <- sem(data = df, model = model, fixed.x = FALSE)
unstd <- MCMI(fit, mi = mi, R = 20000L, alpha = 0.05)
```


```r
std <- MCStd(unstd, alpha = 0.05)
```

## Methods

### print


```r
print(std)
#> Standardized Monte Carlo Confidence Intervals
#>             est     se     R   2.5%  97.5%
#> cp       0.2450 0.0305 20000 0.1804 0.2996
#> b        0.5189 0.0273 20000 0.4589 0.5656
#> a        0.5031 0.0257 20000 0.4442 0.5451
#> X~~X     1.0000 0.0000 20000 1.0000 1.0000
#> Y~~Y     0.5429 0.0251 20000 0.5067 0.6053
#> M~~M     0.7469 0.0255 20000 0.7028 0.8027
#> indirect 0.2610 0.0189 20000 0.2182 0.2913
#> direct   0.2450 0.0305 20000 0.1804 0.2996
#> total    0.5060 0.0261 20000 0.4428 0.5444
```

### summary


```r
summary(std)
#> Standardized Monte Carlo Confidence Intervals
#>             est     se     R   2.5%  97.5%
#> cp       0.2450 0.0305 20000 0.1804 0.2996
#> b        0.5189 0.0273 20000 0.4589 0.5656
#> a        0.5031 0.0257 20000 0.4442 0.5451
#> X~~X     1.0000 0.0000 20000 1.0000 1.0000
#> Y~~Y     0.5429 0.0251 20000 0.5067 0.6053
#> M~~M     0.7469 0.0255 20000 0.7028 0.8027
#> indirect 0.2610 0.0189 20000 0.2182 0.2913
#> direct   0.2450 0.0305 20000 0.1804 0.2996
#> total    0.5060 0.0261 20000 0.4428 0.5444
```

### coef


```r
coef(std)
#>        cp         b         a      X~~X      Y~~Y      M~~M  indirect    direct 
#> 0.2449797 0.5188628 0.5030687 1.0000000 0.5428754 0.7469219 0.2610236 0.2449797 
#>     total 
#> 0.5060033
```

### vcov


```r
vcov(std)
#>                     cp             b             a          X~~X          Y~~Y
#> cp        9.300778e-04 -6.028591e-04 -5.461570e-06 -4.168321e-20 -1.556897e-04
#> b        -6.028591e-04  7.474153e-04 -3.964466e-06  7.105894e-21 -3.468663e-04
#> a        -5.461570e-06 -3.964466e-06  6.615426e-04  1.066024e-20 -1.520585e-04
#> X~~X     -4.168321e-20  7.105894e-21  1.066024e-20  1.183535e-32  2.990131e-20
#> Y~~Y     -1.556897e-04 -3.468663e-04 -1.520585e-04  2.990131e-20  6.298307e-04
#> M~~M      5.254259e-06  3.975764e-06 -6.542930e-04 -1.054154e-20  1.504531e-04
#> indirect -3.015280e-04  3.680706e-04  3.374222e-04  8.360754e-21 -2.493897e-04
#> direct    9.300778e-04 -6.028591e-04 -5.461570e-06 -4.168321e-20 -1.556897e-04
#> total     6.285498e-04 -2.347885e-04  3.319606e-04 -3.332246e-20 -4.050795e-04
#>                   M~~M      indirect        direct         total
#> cp        5.254259e-06 -3.015280e-04  9.300778e-04  6.285498e-04
#> b         3.975764e-06  3.680706e-04 -6.028591e-04 -2.347885e-04
#> a        -6.542930e-04  3.374222e-04 -5.461570e-06  3.319606e-04
#> X~~X     -1.054154e-20  8.360754e-21 -4.168321e-20 -3.332246e-20
#> Y~~Y      1.504531e-04 -2.493897e-04 -1.556897e-04 -4.050795e-04
#> M~~M      6.480068e-04 -3.336889e-04  5.254259e-06 -3.284347e-04
#> indirect -3.336889e-04  3.558515e-04 -3.015280e-04  5.432356e-05
#> direct    5.254259e-06 -3.015280e-04  9.300778e-04  6.285498e-04
#> total    -3.284347e-04  5.432356e-05  6.285498e-04  6.828734e-04
```

### confint


```r
confint(std, level = 0.95)
#>              2.5 %    97.5 %
#> cp       0.1804371 0.2996133
#> b        0.4589375 0.5656165
#> a        0.4441667 0.5451404
#> X~~X     1.0000000 1.0000000
#> Y~~Y     0.5067283 0.6053015
#> M~~M     0.7028219 0.8027159
#> indirect 0.2181986 0.2912781
#> direct   0.1804371 0.2996133
#> total    0.4427753 0.5444437
```

## References
