---
title: "semmcci: Methods (MI)"
author: "Ivan Jacob Agaloos Pesigan"
date: "2023-08-19"
bibliography: "vignettes.bib"
csl: https://raw.githubusercontent.com/citation-style-language/styles/master/apa.csl
nocite: |
  @Pesigan-Cheung-2023
output:
  rmarkdown::html_vignette:
    toc: true
vignette: >
  %\VignetteIndexEntry{semmcci: Methods (MI)}
  %\VignetteEngine{knitr::rmarkdown}
  %\VignetteEncoding{UTF-8}
---

<!-- vignettes/methods-mc-mi.Rmd is generated from .setup/vignettes/methods-mc-mi.Rmd.orig. Please edit that file -->






```r
library(semmcci)
library(lavaan)
```

## Data




```r
summary(df)
#>        X                  M                  Y           
#>  Min.   :-3.19956   Min.   :-3.37128   Min.   :-3.61432  
#>  1st Qu.:-0.63268   1st Qu.:-0.70516   1st Qu.:-0.66921  
#>  Median : 0.02823   Median : 0.02825   Median :-0.04833  
#>  Mean   : 0.00269   Mean   :-0.01992   Mean   :-0.01538  
#>  3rd Qu.: 0.65754   3rd Qu.: 0.65240   3rd Qu.: 0.65293  
#>  Max.   : 3.47091   Max.   : 2.93497   Max.   : 3.09950  
#>  NA's   :100        NA's   :100        NA's   :100
```

## Multiple Imputation

Perform the appropriate multiple imputation approach to deal with missing values.
In this example, we impute multivariate missing data under the normal model.


```r
mi <- mice::mice(
  df,
  method = "norm",
  m = 100,
  print = FALSE,
  seed = 42
)
```

## Model Specification


```r
model <- "
  Y ~ cp * X + b * M
  M ~ a * X
  X ~~ X
  indirect := a * b
  direct := cp
  total := cp + (a * b)
"
```

## Model Fitting


```r
fit <- sem(data = df, model = model)
```

## Monte Carlo Confidence Intervals


```r
unstd <- MCMI(fit, mi = mi, R = 20000L, alpha = 0.05)
```

## Methods

### print


```r
print(unstd)
#> Monte Carlo Confidence Intervals (Multiple Imputation Estimates)
#>             est     se     R   2.5%  97.5%
#> cp       0.2328 0.0299 20000 0.1743 0.2906
#> b        0.5113 0.0300 20000 0.4538 0.5707
#> a        0.4811 0.0286 20000 0.4251 0.5373
#> X~~X     1.0617 0.0494 20000 0.9654 1.1582
#> Y~~Y     0.5533 0.0269 20000 0.5000 0.6060
#> M~~M     0.7568 0.0364 20000 0.6856 0.8275
#> indirect 0.2460 0.0202 20000 0.2073 0.2870
#> direct   0.2328 0.0299 20000 0.1743 0.2906
#> total    0.4788 0.0284 20000 0.4226 0.5340
```

### summary


```r
summary(unstd)
#> Monte Carlo Confidence Intervals (Multiple Imputation Estimates)
#>             est     se     R   2.5%  97.5%
#> cp       0.2328 0.0299 20000 0.1743 0.2906
#> b        0.5113 0.0300 20000 0.4538 0.5707
#> a        0.4811 0.0286 20000 0.4251 0.5373
#> X~~X     1.0617 0.0494 20000 0.9654 1.1582
#> Y~~Y     0.5533 0.0269 20000 0.5000 0.6060
#> M~~M     0.7568 0.0364 20000 0.6856 0.8275
#> indirect 0.2460 0.0202 20000 0.2073 0.2870
#> direct   0.2328 0.0299 20000 0.1743 0.2906
#> total    0.4788 0.0284 20000 0.4226 0.5340
```

### coef


```r
coef(unstd)
#>        cp         b         a      X~~X      Y~~Y      M~~M  indirect    direct 
#> 0.2328242 0.5113353 0.4810732 1.0617011 0.5533052 0.7567771 0.2459664 0.2328242 
#>     total 
#> 0.4787907
```

### vcov


```r
vcov(unstd)
#>                     cp             b             a          X~~X          Y~~Y
#> cp        8.927998e-04 -4.811229e-04 -3.050271e-05  2.918964e-05 -2.545939e-05
#> b        -4.811229e-04  8.973433e-04 -2.623582e-05 -2.661371e-05 -1.523942e-05
#> a        -3.050271e-05 -2.623582e-05  8.181568e-04 -1.513131e-05  2.169603e-05
#> X~~X      2.918964e-05 -2.661371e-05 -1.513131e-05  2.437280e-03 -2.169311e-05
#> Y~~Y     -2.545939e-05 -1.523942e-05  2.169603e-05 -2.169311e-05  7.255874e-04
#> M~~M      7.607225e-06 -1.071576e-05 -5.861139e-05 -2.992346e-05 -4.249102e-06
#> indirect -2.467214e-04  4.177245e-04  4.060574e-04 -2.074084e-05  3.801402e-06
#> direct    8.927998e-04 -4.811229e-04 -3.050271e-05  2.918964e-05 -2.545939e-05
#> total     6.460785e-04 -6.339841e-05  3.755547e-04  8.448804e-06 -2.165799e-05
#>                   M~~M      indirect        direct         total
#> cp        7.607225e-06 -2.467214e-04  8.927998e-04  6.460785e-04
#> b        -1.071576e-05  4.177245e-04 -4.811229e-04 -6.339841e-05
#> a        -5.861139e-05  4.060574e-04 -3.050271e-05  3.755547e-04
#> X~~X     -2.992346e-05 -2.074084e-05  2.918964e-05  8.448804e-06
#> Y~~Y     -4.249102e-06  3.801402e-06 -2.545939e-05 -2.165799e-05
#> M~~M      1.324174e-03 -3.502306e-05  7.607225e-06 -2.741584e-05
#> indirect -3.502306e-05  4.092242e-04 -2.467214e-04  1.625029e-04
#> direct    7.607225e-06 -2.467214e-04  8.927998e-04  6.460785e-04
#> total    -2.741584e-05  1.625029e-04  6.460785e-04  8.085813e-04
```

### confint


```r
confint(unstd, level = 0.95)
#>              2.5 %    97.5 %
#> cp       0.1742525 0.2906373
#> b        0.4537621 0.5706875
#> a        0.4251351 0.5372941
#> X~~X     0.9654379 1.1582010
#> Y~~Y     0.5000185 0.6059659
#> M~~M     0.6856114 0.8275299
#> indirect 0.2072694 0.2870351
#> direct   0.1742525 0.2906373
#> total    0.4226277 0.5339569
```

## Standardized Monte Carlo Confidence Intervals


```r
fit <- sem(data = df, model = model, fixed.x = FALSE)
unstd <- MCMI(fit, mi = mi, R = 20000L, alpha = 0.05)
```


```r
std <- MCStd(unstd, alpha = 0.05)
```

## Methods

### print


```r
print(std)
#> Standardized Monte Carlo Confidence Intervals
#>             est     se     R   2.5%  97.5%
#> cp       0.2450 0.0304 20000 0.1807 0.3000
#> b        0.5189 0.0273 20000 0.4591 0.5664
#> a        0.5031 0.0261 20000 0.4420 0.5444
#> X~~X     1.0000 0.0000 20000 1.0000 1.0000
#> Y~~Y     0.5429 0.0249 20000 0.5072 0.6046
#> M~~M     0.7469 0.0257 20000 0.7036 0.8046
#> indirect 0.2610 0.0190 20000 0.2176 0.2924
#> direct   0.2450 0.0304 20000 0.1807 0.3000
#> total    0.5060 0.0260 20000 0.4424 0.5441
```

### summary


```r
summary(std)
#> Standardized Monte Carlo Confidence Intervals
#>             est     se     R   2.5%  97.5%
#> cp       0.2450 0.0304 20000 0.1807 0.3000
#> b        0.5189 0.0273 20000 0.4591 0.5664
#> a        0.5031 0.0261 20000 0.4420 0.5444
#> X~~X     1.0000 0.0000 20000 1.0000 1.0000
#> Y~~Y     0.5429 0.0249 20000 0.5072 0.6046
#> M~~M     0.7469 0.0257 20000 0.7036 0.8046
#> indirect 0.2610 0.0190 20000 0.2176 0.2924
#> direct   0.2450 0.0304 20000 0.1807 0.3000
#> total    0.5060 0.0260 20000 0.4424 0.5441
```

### coef


```r
coef(std)
#>        cp         b         a      X~~X      Y~~Y      M~~M  indirect    direct 
#> 0.2449797 0.5188628 0.5030687 1.0000000 0.5428754 0.7469219 0.2610236 0.2449797 
#>     total 
#> 0.5060033
```

### vcov


```r
vcov(std)
#>                     cp             b             a          X~~X          Y~~Y
#> cp        9.254363e-04 -6.016666e-04 -1.426521e-05  1.129789e-20 -1.500542e-04
#> b        -6.016666e-04  7.446869e-04 -3.565720e-06 -9.863027e-21 -3.451780e-04
#> a        -1.426521e-05 -3.565720e-06  6.789633e-04 -8.260902e-21 -1.484879e-04
#> X~~X      1.129789e-20 -9.863027e-21 -8.260902e-21  1.213859e-32  2.598936e-21
#> Y~~Y     -1.500542e-04 -3.451780e-04 -1.484879e-04  2.598936e-21  6.215103e-04
#> M~~M      1.396279e-05  3.252855e-06 -6.704406e-04  8.578902e-21  1.470725e-04
#> indirect -3.052727e-04  3.667724e-04  3.468272e-04 -9.589939e-21 -2.467807e-04
#> direct    9.254363e-04 -6.016666e-04 -1.426521e-05  1.129789e-20 -1.500542e-04
#> total     6.201636e-04 -2.348942e-04  3.325620e-04  1.707948e-21 -3.968349e-04
#>                   M~~M      indirect        direct         total
#> cp        1.396279e-05 -3.052727e-04  9.254363e-04  6.201636e-04
#> b         3.252855e-06  3.667724e-04 -6.016666e-04 -2.348942e-04
#> a        -6.704406e-04  3.468272e-04 -1.426521e-05  3.325620e-04
#> X~~X      8.578902e-21 -9.589939e-21  1.129789e-20  1.707948e-21
#> Y~~Y      1.470725e-04 -2.467807e-04 -1.500542e-04 -3.968349e-04
#> M~~M      6.629173e-04 -3.426082e-04  1.396279e-05 -3.286455e-04
#> indirect -3.426082e-04  3.601361e-04 -3.052727e-04  5.486341e-05
#> direct    1.396279e-05 -3.052727e-04  9.254363e-04  6.201636e-04
#> total    -3.286455e-04  5.486341e-05  6.201636e-04  6.750270e-04
```

### confint


```r
confint(std, level = 0.95)
#>              2.5 %    97.5 %
#> cp       0.1807471 0.2999757
#> b        0.4591118 0.5664493
#> a        0.4420392 0.5443962
#> X~~X     1.0000000 1.0000000
#> Y~~Y     0.5071794 0.6046207
#> M~~M     0.7036327 0.8046013
#> indirect 0.2176099 0.2923504
#> direct   0.1807471 0.2999757
#> total    0.4423930 0.5441309
```

## References
