---
title: "semmcci: Methods (MC)"
author: "Ivan Jacob Agaloos Pesigan"
date: "2023-09-28"
bibliography: "vignettes.bib"
csl: https://raw.githubusercontent.com/citation-style-language/styles/master/apa.csl
nocite: |
  @Pesigan-Cheung-2023
output:
  rmarkdown::html_vignette:
    toc: true
vignette: >
  %\VignetteIndexEntry{semmcci: Methods (MC)}
  %\VignetteEngine{knitr::rmarkdown}
  %\VignetteEncoding{UTF-8}
---

<!-- vignettes/methods-mc.Rmd is generated from .setup/vignettes/methods-mc.Rmd.orig. Please edit that file -->






```r
library(semmcci)
library(lavaan)
```

## Data




```r
summary(df)
#>        X                   M                   Y           
#>  Min.   :-3.199558   Min.   :-3.371276   Min.   :-3.61432  
#>  1st Qu.:-0.636035   1st Qu.:-0.692640   1st Qu.:-0.66146  
#>  Median : 0.011377   Median : 0.007125   Median :-0.04726  
#>  Mean   :-0.003207   Mean   :-0.023968   Mean   :-0.01677  
#>  3rd Qu.: 0.651951   3rd Qu.: 0.647363   3rd Qu.: 0.62640  
#>  Max.   : 3.470910   Max.   : 2.963216   Max.   : 3.09950
colMeans(df)
#>            X            M            Y 
#> -0.003206987 -0.023968103 -0.016774294
var(df)
#>           X         M         Y
#> X 1.0600162 0.5108780 0.5069458
#> M 0.5108780 0.9996606 0.6272104
#> Y 0.5069458 0.6272104 0.9837255
```

## Model Specification


```r
model <- "
  Y ~ cp * X + b * M
  M ~ a * X
  indirect := a * b
  direct := cp
  total := cp + (a * b)
"
```

## Model Fitting


```r
fit <- sem(data = df, model = model)
```

## Monte Carlo Confidence Intervals


```r
unstd <- MC(fit, R = 20000L, alpha = 0.05)
```

## Methods

### print


```r
print(unstd)
#> Monte Carlo Confidence Intervals
#>             est     se     R   2.5%  97.5%
#> cp       0.2333 0.0261 20000 0.1821 0.2846
#> b        0.5082 0.0271 20000 0.4547 0.5617
#> a        0.4820 0.0268 20000 0.4302 0.5352
#> Y~~Y     0.5462 0.0246 20000 0.4976 0.5942
#> M~~M     0.7527 0.0338 20000 0.6864 0.8182
#> X~~X     1.0590 0.0000 20000 1.0590 1.0590
#> indirect 0.2449 0.0189 20000 0.2086 0.2835
#> direct   0.2333 0.0261 20000 0.1821 0.2846
#> total    0.4782 0.0266 20000 0.4262 0.5296
```

### summary


```r
summary(unstd)
#> Monte Carlo Confidence Intervals
#>             est     se     R   2.5%  97.5%
#> cp       0.2333 0.0261 20000 0.1821 0.2846
#> b        0.5082 0.0271 20000 0.4547 0.5617
#> a        0.4820 0.0268 20000 0.4302 0.5352
#> Y~~Y     0.5462 0.0246 20000 0.4976 0.5942
#> M~~M     0.7527 0.0338 20000 0.6864 0.8182
#> X~~X     1.0590 0.0000 20000 1.0590 1.0590
#> indirect 0.2449 0.0189 20000 0.2086 0.2835
#> direct   0.2333 0.0261 20000 0.1821 0.2846
#> total    0.4782 0.0266 20000 0.4262 0.5296
```

### coef


```r
coef(unstd)
#>        cp         b         a      Y~~Y      M~~M      X~~X  indirect    direct 
#> 0.2333230 0.5081833 0.4819530 0.5461589 0.7526879 1.0589562 0.2449205 0.2333230 
#>     total 
#> 0.4782435
```

### vcov


```r
vcov(unstd)
#>                     cp             b             a          Y~~Y         M~~M
#> cp        6.819651e-04 -3.476684e-04  5.046073e-06 -4.120890e-06 1.139987e-07
#> b        -3.476684e-04  7.325360e-04  2.108850e-06 -1.624478e-06 4.762938e-06
#> a         5.046073e-06  2.108850e-06  7.168602e-04 -2.248945e-08 5.728326e-06
#> Y~~Y     -4.120890e-06 -1.624478e-06 -2.248945e-08  6.074371e-04 3.176869e-06
#> M~~M      1.139987e-07  4.762938e-06  5.728326e-06  3.176869e-06 1.140636e-03
#> X~~X      0.000000e+00  0.000000e+00  0.000000e+00  0.000000e+00 0.000000e+00
#> indirect -1.649990e-04  3.539456e-04  3.651707e-04 -9.235201e-07 5.421582e-06
#> direct    6.819651e-04 -3.476684e-04  5.046073e-06 -4.120890e-06 1.139987e-07
#> total     5.169661e-04  6.277245e-06  3.702168e-04 -5.044410e-06 5.535580e-06
#>          X~~X      indirect        direct         total
#> cp          0 -1.649990e-04  6.819651e-04  5.169661e-04
#> b           0  3.539456e-04 -3.476684e-04  6.277245e-06
#> a           0  3.651707e-04  5.046073e-06  3.702168e-04
#> Y~~Y        0 -9.235201e-07 -4.120890e-06 -5.044410e-06
#> M~~M        0  5.421582e-06  1.139987e-07  5.535580e-06
#> X~~X        0  0.000000e+00  0.000000e+00  0.000000e+00
#> indirect    0  3.565310e-04 -1.649990e-04  1.915320e-04
#> direct      0 -1.649990e-04  6.819651e-04  5.169661e-04
#> total       0  1.915320e-04  5.169661e-04  7.084981e-04
```

### confint


```r
confint(unstd, level = 0.95)
#>              2.5 %    97.5 %
#> cp       0.1820501 0.2846348
#> b        0.4546630 0.5616777
#> a        0.4301728 0.5351668
#> Y~~Y     0.4975612 0.5941579
#> M~~M     0.6864111 0.8182029
#> X~~X     1.0589562 1.0589562
#> indirect 0.2085966 0.2834825
#> direct   0.1820501 0.2846348
#> total    0.4261828 0.5295926
```

## Standardized Monte Carlo Confidence Intervals


```r
fit <- sem(data = df, model = model, fixed.x = FALSE)
unstd <- MC(fit, R = 20000L, alpha = 0.05)
```


```r
std <- MCStd(unstd, alpha = 0.05)
```

## Methods

### print


```r
print(std)
#> Standardized Monte Carlo Confidence Intervals
#>             est     se     R   2.5%  97.5%
#> cp       0.2422 0.0267 20000 0.1892 0.2937
#> b        0.5123 0.0244 20000 0.4645 0.5602
#> a        0.4963 0.0238 20000 0.4486 0.5419
#> Y~~Y     0.5558 0.0232 20000 0.5099 0.6011
#> M~~M     0.7537 0.0235 20000 0.7063 0.7987
#> X~~X     1.0000 0.0000 20000 1.0000 1.0000
#> indirect 0.2542 0.0174 20000 0.2210 0.2888
#> direct   0.2422 0.0267 20000 0.1892 0.2937
#> total    0.4964 0.0238 20000 0.4483 0.5415
```

### summary


```r
summary(std)
#> Standardized Monte Carlo Confidence Intervals
#>             est     se     R   2.5%  97.5%
#> cp       0.2422 0.0267 20000 0.1892 0.2937
#> b        0.5123 0.0244 20000 0.4645 0.5602
#> a        0.4963 0.0238 20000 0.4486 0.5419
#> Y~~Y     0.5558 0.0232 20000 0.5099 0.6011
#> M~~M     0.7537 0.0235 20000 0.7063 0.7987
#> X~~X     1.0000 0.0000 20000 1.0000 1.0000
#> indirect 0.2542 0.0174 20000 0.2210 0.2888
#> direct   0.2422 0.0267 20000 0.1892 0.2937
#> total    0.4964 0.0238 20000 0.4483 0.5415
```

### coef


```r
coef(std)
#>        cp         b         a      Y~~Y      M~~M      X~~X  indirect    direct 
#> 0.2422015 0.5122827 0.4962890 0.5557501 0.7536972 1.0000000 0.2542403 0.2422015 
#>     total 
#> 0.4964418
```

### vcov


```r
vcov(std)
#>                     cp             b             a          Y~~Y          M~~M
#> cp        7.148589e-04 -4.652687e-04  1.331477e-05 -1.236798e-04 -1.326317e-05
#> b        -4.652687e-04  5.972124e-04  1.164658e-05 -2.958278e-04 -1.162887e-05
#> a         1.331477e-05  1.164658e-05  5.645111e-04 -1.673880e-04 -5.590830e-04
#> Y~~Y     -1.236798e-04 -2.958278e-04 -1.673880e-04  5.379395e-04  1.659974e-04
#> M~~M     -1.326317e-05 -1.162887e-05 -5.590830e-04  1.659974e-04  5.543523e-04
#> X~~X     -7.148661e-22 -1.894091e-20 -3.346984e-20  3.176831e-20  3.223578e-20
#> indirect -2.242820e-04  3.023800e-04  2.949683e-04 -2.322951e-04 -2.921929e-04
#> direct    7.148589e-04 -4.652687e-04  1.331477e-05 -1.236798e-04 -1.326317e-05
#> total     4.905769e-04 -1.628887e-04  3.082831e-04 -3.559750e-04 -3.054560e-04
#>                   X~~X      indirect        direct         total
#> cp       -7.148661e-22 -2.242820e-04  7.148589e-04  4.905769e-04
#> b        -1.894091e-20  3.023800e-04 -4.652687e-04 -1.628887e-04
#> a        -3.346984e-20  2.949683e-04  1.331477e-05  3.082831e-04
#> Y~~Y      3.176831e-20 -2.322951e-04 -1.236798e-04 -3.559750e-04
#> M~~M      3.223578e-20 -2.921929e-04 -1.326317e-05 -3.054560e-04
#> X~~X      1.190931e-32 -2.667097e-20 -7.148661e-22 -2.738584e-20
#> indirect -2.667097e-20  3.015227e-04 -2.242820e-04  7.724064e-05
#> direct   -7.148661e-22 -2.242820e-04  7.148589e-04  4.905769e-04
#> total    -2.738584e-20  7.724064e-05  4.905769e-04  5.678175e-04
```

### confint


```r
confint(std, level = 0.95)
#>              2.5 %    97.5 %
#> cp       0.1892339 0.2936854
#> b        0.4644546 0.5601924
#> a        0.4486357 0.5419427
#> Y~~Y     0.5098541 0.6010566
#> M~~M     0.7062981 0.7987260
#> X~~X     1.0000000 1.0000000
#> indirect 0.2209704 0.2887589
#> direct   0.1892339 0.2936854
#> total    0.4483476 0.5414797
```

# References
