---
title: "semmcci: Methods (MC)"
author: "Ivan Jacob Agaloos Pesigan"
date: "2023-08-12"
bibliography: "vignettes.bib"
csl: https://raw.githubusercontent.com/citation-style-language/styles/master/apa.csl
nocite: |
  @Pesigan-Cheung-2023
output:
  rmarkdown::html_vignette:
    toc: true
vignette: >
  %\VignetteIndexEntry{semmcci: Methods (MC)}
  %\VignetteEngine{knitr::rmarkdown}
  %\VignetteEncoding{UTF-8}
---

<!-- vignettes/methods-mc.Rmd is generated from .setup/vignettes/methods-mc.Rmd.orig. Please edit that file -->






```r
library(semmcci)
library(lavaan)
```

## Data




```r
summary(df)
#>        X                   M                   Y           
#>  Min.   :-3.199558   Min.   :-3.371276   Min.   :-3.61432  
#>  1st Qu.:-0.636035   1st Qu.:-0.692640   1st Qu.:-0.66146  
#>  Median : 0.011377   Median : 0.007125   Median :-0.04726  
#>  Mean   :-0.003207   Mean   :-0.023968   Mean   :-0.01677  
#>  3rd Qu.: 0.651951   3rd Qu.: 0.647363   3rd Qu.: 0.62640  
#>  Max.   : 3.470910   Max.   : 2.963216   Max.   : 3.09950
colMeans(df)
#>            X            M            Y 
#> -0.003206987 -0.023968103 -0.016774294
var(df)
#>           X         M         Y
#> X 1.0600162 0.5108780 0.5069458
#> M 0.5108780 0.9996606 0.6272104
#> Y 0.5069458 0.6272104 0.9837255
```

## Model Specification


```r
model <- "
  Y ~ cp * X + b * M
  M ~ a * X
  indirect := a * b
  direct := cp
  total := cp + (a * b)
"
```

## Model Fitting


```r
fit <- sem(data = df, model = model)
```

## Monte Carlo Confidence Intervals


```r
unstd <- MC(fit, R = 20000L, alpha = 0.05)
```

## Methods

### print


```r
print(unstd)
#> Monte Carlo Confidence Intervals
#>             est     se     R   2.5%  97.5%
#> cp       0.2333 0.0262 20000 0.1821 0.2844
#> b        0.5082 0.0268 20000 0.4560 0.5614
#> a        0.4820 0.0266 20000 0.4304 0.5341
#> Y~~Y     0.5462 0.0245 20000 0.4987 0.5949
#> M~~M     0.7527 0.0334 20000 0.6868 0.8183
#> X~~X     1.0590 0.0000 20000 1.0590 1.0590
#> indirect 0.2449 0.0187 20000 0.2094 0.2824
#> direct   0.2333 0.0262 20000 0.1821 0.2844
#> total    0.4782 0.0263 20000 0.4268 0.5302
```

### summary


```r
summary(unstd)
#> Monte Carlo Confidence Intervals
#>             est     se     R   2.5%  97.5%
#> cp       0.2333 0.0262 20000 0.1821 0.2844
#> b        0.5082 0.0268 20000 0.4560 0.5614
#> a        0.4820 0.0266 20000 0.4304 0.5341
#> Y~~Y     0.5462 0.0245 20000 0.4987 0.5949
#> M~~M     0.7527 0.0334 20000 0.6868 0.8183
#> X~~X     1.0590 0.0000 20000 1.0590 1.0590
#> indirect 0.2449 0.0187 20000 0.2094 0.2824
#> direct   0.2333 0.0262 20000 0.1821 0.2844
#> total    0.4782 0.0263 20000 0.4268 0.5302
```

### coef


```r
coef(unstd)
#>        cp         b         a      Y~~Y      M~~M      X~~X  indirect    direct 
#> 0.2333230 0.5081833 0.4819530 0.5461589 0.7526879 1.0589562 0.2449205 0.2333230 
#>     total 
#> 0.4782435
```

### vcov


```r
vcov(unstd)
#>                     cp             b             a          Y~~Y          M~~M
#> cp        6.854440e-04 -3.536043e-04  1.109675e-06 -2.001274e-06 -6.089541e-06
#> b        -3.536043e-04  7.178901e-04 -2.933132e-06  1.823677e-06  3.580486e-06
#> a         1.109675e-06 -2.933132e-06  7.067082e-04  9.827173e-07  8.271240e-06
#> Y~~Y     -2.001274e-06  1.823677e-06  9.827173e-07  6.024747e-04  5.959728e-06
#> M~~M     -6.089541e-06  3.580486e-06  8.271240e-06  5.959728e-06  1.118284e-03
#> X~~X      0.000000e+00  0.000000e+00  0.000000e+00  0.000000e+00  0.000000e+00
#> indirect -1.697797e-04  3.445144e-04  3.576263e-04  1.310797e-06  5.838023e-06
#> direct    6.854440e-04 -3.536043e-04  1.109675e-06 -2.001274e-06 -6.089541e-06
#> total     5.156643e-04 -9.089926e-06  3.587360e-04 -6.904770e-07 -2.515171e-07
#>          X~~X      indirect        direct         total
#> cp          0 -1.697797e-04  6.854440e-04  5.156643e-04
#> b           0  3.445144e-04 -3.536043e-04 -9.089926e-06
#> a           0  3.576263e-04  1.109675e-06  3.587360e-04
#> Y~~Y        0  1.310797e-06 -2.001274e-06 -6.904770e-07
#> M~~M        0  5.838023e-06 -6.089541e-06 -2.515171e-07
#> X~~X        0  0.000000e+00  0.000000e+00  0.000000e+00
#> indirect    0  3.482609e-04 -1.697797e-04  1.784812e-04
#> direct      0 -1.697797e-04  6.854440e-04  5.156643e-04
#> total       0  1.784812e-04  5.156643e-04  6.941455e-04
```

### confint


```r
confint(unstd, level = 0.95)
#>              2.5 %    97.5 %
#> cp       0.1821464 0.2844313
#> b        0.4560441 0.5614087
#> a        0.4303856 0.5340640
#> Y~~Y     0.4986853 0.5948633
#> M~~M     0.6868365 0.8182940
#> X~~X     1.0589562 1.0589562
#> indirect 0.2093546 0.2824097
#> direct   0.1821464 0.2844313
#> total    0.4267727 0.5301968
```

## Standardized Monte Carlo Confidence Intervals


```r
fit <- sem(data = df, model = model, fixed.x = FALSE)
unstd <- MC(fit, R = 20000L, alpha = 0.05)
```


```r
std <- MCStd(unstd, alpha = 0.05)
```

## Methods

### print


```r
print(std)
#> Standardized Monte Carlo Confidence Intervals
#>             est     se     R   2.5%  97.5%
#> cp       0.2422 0.0269 20000 0.1885 0.2942
#> b        0.5123 0.0249 20000 0.4637 0.5603
#> a        0.4963 0.0238 20000 0.4494 0.5421
#> Y~~Y     0.5558 0.0236 20000 0.5086 0.6010
#> M~~M     0.7537 0.0236 20000 0.7061 0.7981
#> X~~X     1.0000 0.0000 20000 1.0000 1.0000
#> indirect 0.2542 0.0177 20000 0.2202 0.2891
#> direct   0.2422 0.0269 20000 0.1885 0.2942
#> total    0.4964 0.0239 20000 0.4479 0.5416
```

### summary


```r
summary(std)
#> Standardized Monte Carlo Confidence Intervals
#>             est     se     R   2.5%  97.5%
#> cp       0.2422 0.0269 20000 0.1885 0.2942
#> b        0.5123 0.0249 20000 0.4637 0.5603
#> a        0.4963 0.0238 20000 0.4494 0.5421
#> Y~~Y     0.5558 0.0236 20000 0.5086 0.6010
#> M~~M     0.7537 0.0236 20000 0.7061 0.7981
#> X~~X     1.0000 0.0000 20000 1.0000 1.0000
#> indirect 0.2542 0.0177 20000 0.2202 0.2891
#> direct   0.2422 0.0269 20000 0.1885 0.2942
#> total    0.4964 0.0239 20000 0.4479 0.5416
```

### coef


```r
coef(std)
#>        cp         b         a      Y~~Y      M~~M      X~~X  indirect    direct 
#> 0.2422015 0.5122827 0.4962890 0.5557501 0.7536972 1.0000000 0.2542403 0.2422015 
#>     total 
#> 0.4964418
```

### vcov


```r
vcov(std)
#>                     cp             b             a          Y~~Y          M~~M
#> cp        7.261658e-04 -4.771137e-04  5.333854e-06 -1.177202e-04 -5.272502e-06
#> b        -4.771137e-04  6.180797e-04  2.253597e-05 -3.135603e-04 -2.215907e-05
#> a         5.333854e-06  2.253597e-05  5.659609e-04 -1.730857e-04 -5.609344e-04
#> Y~~Y     -1.177202e-04 -3.135603e-04 -1.730857e-04  5.560592e-04  1.713341e-04
#> M~~M     -5.272502e-06 -2.215907e-05 -5.609344e-04  1.713341e-04  5.565881e-04
#> X~~X      6.902590e-21 -8.191876e-21 -5.907805e-22  3.399174e-21  5.954710e-22
#> indirect -2.338952e-04  3.179386e-04  3.009879e-04 -2.438668e-04 -2.982561e-04
#> direct    7.261658e-04 -4.771137e-04  5.333854e-06 -1.177202e-04 -5.272502e-06
#> total     4.922706e-04 -1.591752e-04  3.063217e-04 -3.615871e-04 -3.035286e-04
#>                   X~~X      indirect        direct         total
#> cp        6.902590e-21 -2.338952e-04  7.261658e-04  4.922706e-04
#> b        -8.191876e-21  3.179386e-04 -4.771137e-04 -1.591752e-04
#> a        -5.907805e-22  3.009879e-04  5.333854e-06  3.063217e-04
#> Y~~Y      3.399174e-21 -2.438668e-04 -1.177202e-04 -3.615871e-04
#> M~~M      5.954710e-22 -2.982561e-04 -5.272502e-06 -3.035286e-04
#> X~~X      1.205785e-32 -4.925096e-21  6.902590e-21  1.977494e-21
#> indirect -4.925096e-21  3.120976e-04 -2.338952e-04  7.820236e-05
#> direct    6.902590e-21 -2.338952e-04  7.261658e-04  4.922706e-04
#> total     1.977494e-21  7.820236e-05  4.922706e-04  5.704730e-04
```

### confint


```r
confint(std, level = 0.95)
#>              2.5 %    97.5 %
#> cp       0.1885086 0.2942049
#> b        0.4637220 0.5602765
#> a        0.4493703 0.5421373
#> Y~~Y     0.5086089 0.6009842
#> M~~M     0.7060871 0.7980663
#> X~~X     1.0000000 1.0000000
#> indirect 0.2201562 0.2890504
#> direct   0.1885086 0.2942049
#> total    0.4478825 0.5416365
```

# References
