---
title: "semmcci: Methods (MI)"
author: "Ivan Jacob Agaloos Pesigan"
date: "2023-08-10"
bibliography: "vignettes.bib"
csl: https://raw.githubusercontent.com/citation-style-language/styles/master/apa.csl
nocite: |
  @Pesigan-Cheung-2023
output:
  rmarkdown::html_vignette:
    toc: true
vignette: >
  %\VignetteIndexEntry{semmcci: Methods (MI)}
  %\VignetteEngine{knitr::rmarkdown}
  %\VignetteEncoding{UTF-8}
---

<!-- vignettes/methods-mc-mi.Rmd is generated from .setup/vignettes/methods-mc-mi.Rmd.orig. Please edit that file -->






```r
library(semmcci)
library(lavaan)
```

## Data




```r
summary(df)
#>        X                  M                  Y           
#>  Min.   :-3.19956   Min.   :-3.37128   Min.   :-3.61432  
#>  1st Qu.:-0.63268   1st Qu.:-0.70516   1st Qu.:-0.66921  
#>  Median : 0.02823   Median : 0.02825   Median :-0.04833  
#>  Mean   : 0.00269   Mean   :-0.01992   Mean   :-0.01538  
#>  3rd Qu.: 0.65754   3rd Qu.: 0.65240   3rd Qu.: 0.65293  
#>  Max.   : 3.47091   Max.   : 2.93497   Max.   : 3.09950  
#>  NA's   :100        NA's   :100        NA's   :100
```

## Multiple Imputation

Perform the appropriate multiple imputation approach to deal with missing values.
In this example, we impute multivariate missing data under the normal model.


```r
mi <- mice::mice(
  df,
  method = "norm",
  m = 100,
  print = FALSE,
  seed = 42
)
```

## Model Specification


```r
model <- "
  Y ~ cp * X + b * M
  M ~ a * X
  X ~~ X
  indirect := a * b
  direct := cp
  total := cp + (a * b)
"
```

## Model Fitting


```r
fit <- sem(data = df, model = model)
```

## Monte Carlo Confidence Intervals


```r
unstd <- MCMI(fit, mi = mi, R = 20000L, alpha = 0.05)
```

## Methods

### print


```r
print(unstd)
#> Monte Carlo Confidence Intervals (Multiple Imputation Estimates)
#>             est     se     R   2.5%  97.5%
#> cp       0.2328 0.0299 20000 0.1740 0.2918
#> b        0.5113 0.0299 20000 0.4524 0.5697
#> a        0.4811 0.0289 20000 0.4239 0.5375
#> X~~X     1.0617 0.0492 20000 0.9653 1.1590
#> Y~~Y     0.5533 0.0272 20000 0.5000 0.6066
#> M~~M     0.7568 0.0363 20000 0.6860 0.8277
#> indirect 0.2460 0.0203 20000 0.2074 0.2866
#> direct   0.2328 0.0299 20000 0.1740 0.2918
#> total    0.4788 0.0285 20000 0.4232 0.5342
```

### summary


```r
summary(unstd)
#> Monte Carlo Confidence Intervals (Multiple Imputation Estimates)
#>             est     se     R   2.5%  97.5%
#> cp       0.2328 0.0299 20000 0.1740 0.2918
#> b        0.5113 0.0299 20000 0.4524 0.5697
#> a        0.4811 0.0289 20000 0.4239 0.5375
#> X~~X     1.0617 0.0492 20000 0.9653 1.1590
#> Y~~Y     0.5533 0.0272 20000 0.5000 0.6066
#> M~~M     0.7568 0.0363 20000 0.6860 0.8277
#> indirect 0.2460 0.0203 20000 0.2074 0.2866
#> direct   0.2328 0.0299 20000 0.1740 0.2918
#> total    0.4788 0.0285 20000 0.4232 0.5342
```

### coef


```r
coef(unstd)
#>        cp         b         a      X~~X      Y~~Y      M~~M  indirect    direct 
#> 0.2328242 0.5113353 0.4810732 1.0617011 0.5533052 0.7567771 0.2459664 0.2328242 
#>     total 
#> 0.4787907
```

### vcov


```r
vcov(unstd)
#>                     cp             b             a          X~~X          Y~~Y
#> cp        8.945754e-04 -4.877198e-04 -2.641040e-05  2.593507e-05 -2.099639e-05
#> b        -4.877198e-04  8.920807e-04 -2.360989e-05 -1.809537e-05 -2.250852e-05
#> a        -2.641040e-05 -2.360989e-05  8.350077e-04 -1.849902e-05  2.750717e-05
#> X~~X      2.593507e-05 -1.809537e-05 -1.849902e-05  2.420959e-03 -3.192360e-05
#> Y~~Y     -2.099639e-05 -2.250852e-05  2.750717e-05 -3.192360e-05  7.376417e-04
#> M~~M     -2.141162e-06  3.995156e-06 -5.931648e-05 -4.741330e-06 -1.345903e-05
#> indirect -2.479597e-04  4.171387e-04  4.153438e-04 -1.836411e-05  3.170362e-06
#> direct    8.945754e-04 -4.877198e-04 -2.641040e-05  2.593507e-05 -2.099639e-05
#> total     6.466157e-04 -7.058112e-05  3.889334e-04  7.570961e-06 -1.782603e-05
#>                   M~~M      indirect        direct         total
#> cp       -2.141162e-06 -2.479597e-04  8.945754e-04  6.466157e-04
#> b         3.995156e-06  4.171387e-04 -4.877198e-04 -7.058112e-05
#> a        -5.931648e-05  4.153438e-04 -2.641040e-05  3.889334e-04
#> X~~X     -4.741330e-06 -1.836411e-05  2.593507e-05  7.570961e-06
#> Y~~Y     -1.345903e-05  3.170362e-06 -2.099639e-05 -1.782603e-05
#> M~~M      1.317784e-03 -2.802879e-05 -2.141162e-06 -3.016995e-05
#> indirect -2.802879e-05  4.136879e-04 -2.479597e-04  1.657282e-04
#> direct   -2.141162e-06 -2.479597e-04  8.945754e-04  6.466157e-04
#> total    -3.016995e-05  1.657282e-04  6.466157e-04  8.123439e-04
```

### confint


```r
confint(unstd, level = 0.95)
#>              2.5 %    97.5 %
#> cp       0.1739865 0.2918141
#> b        0.4523558 0.5696502
#> a        0.4239079 0.5375183
#> X~~X     0.9653486 1.1590375
#> Y~~Y     0.4999694 0.6066441
#> M~~M     0.6859828 0.8276652
#> indirect 0.2073670 0.2866294
#> direct   0.1739865 0.2918141
#> total    0.4232125 0.5342497
```

## Standardized Monte Carlo Confidence Intervals


```r
fit <- sem(data = df, model = model, fixed.x = FALSE)
unstd <- MCMI(fit, mi = mi, R = 20000L, alpha = 0.05)
```


```r
std <- MCStd(unstd, alpha = 0.05)
```

## Methods

### print


```r
print(std)
#> Standardized Monte Carlo Confidence Intervals
#>             est     se     R   2.5%  97.5%
#> cp       0.2450 0.0302 20000 0.1811 0.2998
#> b        0.5189 0.0271 20000 0.4599 0.5661
#> a        0.5031 0.0257 20000 0.4438 0.5451
#> X~~X     1.0000 0.0000 20000 1.0000 1.0000
#> Y~~Y     0.5429 0.0252 20000 0.5070 0.6053
#> M~~M     0.7469 0.0254 20000 0.7029 0.8030
#> indirect 0.2610 0.0187 20000 0.2183 0.2910
#> direct   0.2450 0.0302 20000 0.1811 0.2998
#> total    0.5060 0.0260 20000 0.4417 0.5441
```

### summary


```r
summary(std)
#> Standardized Monte Carlo Confidence Intervals
#>             est     se     R   2.5%  97.5%
#> cp       0.2450 0.0302 20000 0.1811 0.2998
#> b        0.5189 0.0271 20000 0.4599 0.5661
#> a        0.5031 0.0257 20000 0.4438 0.5451
#> X~~X     1.0000 0.0000 20000 1.0000 1.0000
#> Y~~Y     0.5429 0.0252 20000 0.5070 0.6053
#> M~~M     0.7469 0.0254 20000 0.7029 0.8030
#> indirect 0.2610 0.0187 20000 0.2183 0.2910
#> direct   0.2450 0.0302 20000 0.1811 0.2998
#> total    0.5060 0.0260 20000 0.4417 0.5441
```

### coef


```r
coef(std)
#>        cp         b         a      X~~X      Y~~Y      M~~M  indirect    direct 
#> 0.2449797 0.5188628 0.5030687 1.0000000 0.5428754 0.7469219 0.2610236 0.2449797 
#>     total 
#> 0.5060033
```

### vcov


```r
vcov(std)
#>                     cp             b             a          X~~X          Y~~Y
#> cp        9.130668e-04 -5.869738e-04 -4.672606e-06 -6.301420e-20 -1.585362e-04
#> b        -5.869738e-04  7.359756e-04 -7.423013e-06  3.708643e-20 -3.478349e-04
#> a        -4.672606e-06 -7.423013e-06  6.610258e-04 -1.456423e-20 -1.477414e-04
#> X~~X     -6.301420e-20  3.708643e-20 -1.456423e-20  1.192041e-32  1.759551e-20
#> Y~~Y     -1.585362e-04 -3.478349e-04 -1.477414e-04  1.759551e-20  6.327183e-04
#> M~~M      4.545903e-06  7.314286e-06 -6.534198e-04  1.554657e-20  1.461486e-04
#> indirect -2.927711e-04  3.602576e-04  3.356459e-04  1.142194e-20 -2.477219e-04
#> direct    9.130668e-04 -5.869738e-04 -4.672606e-06 -6.301420e-20 -1.585362e-04
#> total     6.202957e-04 -2.267162e-04  3.309733e-04 -5.159226e-20 -4.062581e-04
#>                   M~~M      indirect        direct         total
#> cp        4.545903e-06 -2.927711e-04  9.130668e-04  6.202957e-04
#> b         7.314286e-06  3.602576e-04 -5.869738e-04 -2.267162e-04
#> a        -6.534198e-04  3.356459e-04 -4.672606e-06  3.309733e-04
#> X~~X      1.554657e-20  1.142194e-20 -6.301420e-20 -5.159226e-20
#> Y~~Y      1.461486e-04 -2.477219e-04 -1.585362e-04 -4.062581e-04
#> M~~M      6.467830e-04 -3.317784e-04  4.545903e-06 -3.272325e-04
#> indirect -3.317784e-04  3.509921e-04 -2.927711e-04  5.822102e-05
#> direct    4.545903e-06 -2.927711e-04  9.130668e-04  6.202957e-04
#> total    -3.272325e-04  5.822102e-05  6.202957e-04  6.785168e-04
```

### confint


```r
confint(std, level = 0.95)
#>              2.5 %    97.5 %
#> cp       0.1811101 0.2997853
#> b        0.4599217 0.5661485
#> a        0.4438231 0.5450579
#> X~~X     1.0000000 1.0000000
#> Y~~Y     0.5069765 0.6053044
#> M~~M     0.7029119 0.8030211
#> indirect 0.2182511 0.2909909
#> direct   0.1811101 0.2997853
#> total    0.4417417 0.5440755
```

## References
