---
title: "semmcci: Methods (MC)"
author: "Ivan Jacob Agaloos Pesigan"
date: "2023-08-17"
bibliography: "vignettes.bib"
csl: https://raw.githubusercontent.com/citation-style-language/styles/master/apa.csl
nocite: |
  @Pesigan-Cheung-2023
output:
  rmarkdown::html_vignette:
    toc: true
vignette: >
  %\VignetteIndexEntry{semmcci: Methods (MC)}
  %\VignetteEngine{knitr::rmarkdown}
  %\VignetteEncoding{UTF-8}
---

<!-- vignettes/methods-mc.Rmd is generated from .setup/vignettes/methods-mc.Rmd.orig. Please edit that file -->






```r
library(semmcci)
library(lavaan)
```

## Data




```r
summary(df)
#>        X                   M                   Y           
#>  Min.   :-3.199558   Min.   :-3.371276   Min.   :-3.61432  
#>  1st Qu.:-0.636035   1st Qu.:-0.692640   1st Qu.:-0.66146  
#>  Median : 0.011377   Median : 0.007125   Median :-0.04726  
#>  Mean   :-0.003207   Mean   :-0.023968   Mean   :-0.01677  
#>  3rd Qu.: 0.651951   3rd Qu.: 0.647363   3rd Qu.: 0.62640  
#>  Max.   : 3.470910   Max.   : 2.963216   Max.   : 3.09950
colMeans(df)
#>            X            M            Y 
#> -0.003206987 -0.023968103 -0.016774294
var(df)
#>           X         M         Y
#> X 1.0600162 0.5108780 0.5069458
#> M 0.5108780 0.9996606 0.6272104
#> Y 0.5069458 0.6272104 0.9837255
```

## Model Specification


```r
model <- "
  Y ~ cp * X + b * M
  M ~ a * X
  indirect := a * b
  direct := cp
  total := cp + (a * b)
"
```

## Model Fitting


```r
fit <- sem(data = df, model = model)
```

## Monte Carlo Confidence Intervals


```r
unstd <- MC(fit, R = 20000L, alpha = 0.05)
```

## Methods

### print


```r
print(unstd)
#> Monte Carlo Confidence Intervals
#>             est     se     R   2.5%  97.5%
#> cp       0.2333 0.0261 20000 0.1825 0.2851
#> b        0.5082 0.0268 20000 0.4552 0.5601
#> a        0.4820 0.0267 20000 0.4293 0.5340
#> Y~~Y     0.5462 0.0244 20000 0.4979 0.5942
#> M~~M     0.7527 0.0338 20000 0.6873 0.8190
#> X~~X     1.0590 0.0000 20000 1.0590 1.0590
#> indirect 0.2449 0.0187 20000 0.2088 0.2820
#> direct   0.2333 0.0261 20000 0.1825 0.2851
#> total    0.4782 0.0263 20000 0.4268 0.5296
```

### summary


```r
summary(unstd)
#> Monte Carlo Confidence Intervals
#>             est     se     R   2.5%  97.5%
#> cp       0.2333 0.0261 20000 0.1825 0.2851
#> b        0.5082 0.0268 20000 0.4552 0.5601
#> a        0.4820 0.0267 20000 0.4293 0.5340
#> Y~~Y     0.5462 0.0244 20000 0.4979 0.5942
#> M~~M     0.7527 0.0338 20000 0.6873 0.8190
#> X~~X     1.0590 0.0000 20000 1.0590 1.0590
#> indirect 0.2449 0.0187 20000 0.2088 0.2820
#> direct   0.2333 0.0261 20000 0.1825 0.2851
#> total    0.4782 0.0263 20000 0.4268 0.5296
```

### coef


```r
coef(unstd)
#>        cp         b         a      Y~~Y      M~~M      X~~X  indirect    direct 
#> 0.2333230 0.5081833 0.4819530 0.5461589 0.7526879 1.0589562 0.2449205 0.2333230 
#>     total 
#> 0.4782435
```

### vcov


```r
vcov(unstd)
#>                     cp             b             a          Y~~Y          M~~M
#> cp        6.808425e-04 -3.500694e-04 -2.278623e-06 -4.993200e-06  4.884591e-06
#> b        -3.500694e-04  7.182340e-04 -3.933702e-06  4.627403e-06  6.231717e-06
#> a        -2.278623e-06 -3.933702e-06  7.138498e-04  4.325154e-06 -3.135491e-06
#> Y~~Y     -4.993200e-06  4.627403e-06  4.325154e-06  5.963351e-04 -3.756076e-06
#> M~~M      4.884591e-06  6.231717e-06 -3.135491e-06 -3.756076e-06  1.142734e-03
#> X~~X      0.000000e+00  0.000000e+00  0.000000e+00  0.000000e+00  0.000000e+00
#> indirect -1.695468e-04  3.437290e-04  3.607455e-04  4.514721e-06  1.430569e-06
#> direct    6.808425e-04 -3.500694e-04 -2.278623e-06 -4.993200e-06  4.884591e-06
#> total     5.112957e-04 -6.340417e-06  3.584668e-04 -4.784790e-07  6.315160e-06
#>          X~~X      indirect        direct         total
#> cp          0 -1.695468e-04  6.808425e-04  5.112957e-04
#> b           0  3.437290e-04 -3.500694e-04 -6.340417e-06
#> a           0  3.607455e-04 -2.278623e-06  3.584668e-04
#> Y~~Y        0  4.514721e-06 -4.993200e-06 -4.784790e-07
#> M~~M        0  1.430569e-06  4.884591e-06  6.315160e-06
#> X~~X        0  0.000000e+00  0.000000e+00  0.000000e+00
#> indirect    0  3.492287e-04 -1.695468e-04  1.796819e-04
#> direct      0 -1.695468e-04  6.808425e-04  5.112957e-04
#> total       0  1.796819e-04  5.112957e-04  6.909776e-04
```

### confint


```r
confint(unstd, level = 0.95)
#>              2.5 %    97.5 %
#> cp       0.1824980 0.2850763
#> b        0.4552151 0.5601002
#> a        0.4293063 0.5339850
#> Y~~Y     0.4979332 0.5942431
#> M~~M     0.6872576 0.8190110
#> X~~X     1.0589562 1.0589562
#> indirect 0.2087512 0.2819916
#> direct   0.1824980 0.2850763
#> total    0.4268080 0.5296043
```

## Standardized Monte Carlo Confidence Intervals


```r
fit <- sem(data = df, model = model, fixed.x = FALSE)
unstd <- MC(fit, R = 20000L, alpha = 0.05)
```


```r
std <- MCStd(unstd, alpha = 0.05)
```

## Methods

### print


```r
print(std)
#> Standardized Monte Carlo Confidence Intervals
#>             est     se     R   2.5%  97.5%
#> cp       0.2422 0.0267 20000 0.1900 0.2939
#> b        0.5123 0.0244 20000 0.4639 0.5588
#> a        0.4963 0.0240 20000 0.4485 0.5425
#> Y~~Y     0.5558 0.0233 20000 0.5102 0.6014
#> M~~M     0.7537 0.0237 20000 0.7057 0.7989
#> X~~X     1.0000 0.0000 20000 1.0000 1.0000
#> indirect 0.2542 0.0176 20000 0.2201 0.2889
#> direct   0.2422 0.0267 20000 0.1900 0.2939
#> total    0.4964 0.0238 20000 0.4488 0.5411
```

### summary


```r
summary(std)
#> Standardized Monte Carlo Confidence Intervals
#>             est     se     R   2.5%  97.5%
#> cp       0.2422 0.0267 20000 0.1900 0.2939
#> b        0.5123 0.0244 20000 0.4639 0.5588
#> a        0.4963 0.0240 20000 0.4485 0.5425
#> Y~~Y     0.5558 0.0233 20000 0.5102 0.6014
#> M~~M     0.7537 0.0237 20000 0.7057 0.7989
#> X~~X     1.0000 0.0000 20000 1.0000 1.0000
#> indirect 0.2542 0.0176 20000 0.2201 0.2889
#> direct   0.2422 0.0267 20000 0.1900 0.2939
#> total    0.4964 0.0238 20000 0.4488 0.5411
```

### coef


```r
coef(std)
#>        cp         b         a      Y~~Y      M~~M      X~~X  indirect    direct 
#> 0.2422015 0.5122827 0.4962890 0.5557501 0.7536972 1.0000000 0.2542403 0.2422015 
#>     total 
#> 0.4964418
```

### vcov


```r
vcov(std)
#>                     cp             b             a          Y~~Y          M~~M
#> cp        7.107763e-04 -4.604037e-04  2.922555e-06 -1.230399e-04 -2.902437e-06
#> b        -4.604037e-04  5.943892e-04  2.191037e-05 -2.996167e-04 -2.165109e-05
#> a         2.922555e-06  2.191037e-05  5.737735e-04 -1.718041e-04 -5.683161e-04
#> Y~~Y     -1.230399e-04 -2.996167e-04 -1.718041e-04  5.428424e-04  1.701267e-04
#> M~~M     -2.902437e-06 -2.165109e-05 -5.683161e-04  1.701267e-04  5.635686e-04
#> X~~X      2.154427e-20  7.252934e-21  8.139763e-21 -3.168322e-20 -7.909505e-21
#> indirect -2.267665e-04  3.058929e-04  3.047100e-04 -2.364030e-04 -3.018188e-04
#> direct    7.107763e-04 -4.604037e-04  2.922555e-06 -1.230399e-04 -2.902437e-06
#> total     4.840098e-04 -1.545108e-04  3.076326e-04 -3.594429e-04 -3.047212e-04
#>                   X~~X      indirect        direct         total
#> cp        2.154427e-20 -2.267665e-04  7.107763e-04  4.840098e-04
#> b         7.252934e-21  3.058929e-04 -4.604037e-04 -1.545108e-04
#> a         8.139763e-21  3.047100e-04  2.922555e-06  3.076326e-04
#> Y~~Y     -3.168322e-20 -2.364030e-04 -1.230399e-04 -3.594429e-04
#> M~~M     -7.909505e-21 -3.018188e-04 -2.902437e-06 -3.047212e-04
#> X~~X      1.181625e-32  8.638611e-21  2.154427e-20  3.018289e-20
#> indirect  8.638611e-21  3.080417e-04 -2.267665e-04  8.127516e-05
#> direct    2.154427e-20 -2.267665e-04  7.107763e-04  4.840098e-04
#> total     3.018289e-20  8.127516e-05  4.840098e-04  5.652849e-04
```

### confint


```r
confint(std, level = 0.95)
#>              2.5 %    97.5 %
#> cp       0.1900048 0.2939253
#> b        0.4639146 0.5588270
#> a        0.4484761 0.5425196
#> Y~~Y     0.5101701 0.6014049
#> M~~M     0.7056725 0.7988691
#> X~~X     1.0000000 1.0000000
#> indirect 0.2201329 0.2888949
#> direct   0.1900048 0.2939253
#> total    0.4488279 0.5410624
```

# References
