---
title: "semmcci: Methods (MC)"
author: "Ivan Jacob Agaloos Pesigan"
date: "2023-08-10"
bibliography: "vignettes.bib"
csl: https://raw.githubusercontent.com/citation-style-language/styles/master/apa.csl
nocite: |
  @Pesigan-Cheung-2023
output:
  rmarkdown::html_vignette:
    toc: true
vignette: >
  %\VignetteIndexEntry{semmcci: Methods (MC)}
  %\VignetteEngine{knitr::rmarkdown}
  %\VignetteEncoding{UTF-8}
---

<!-- vignettes/methods-mc.Rmd is generated from .setup/vignettes/methods-mc.Rmd.orig. Please edit that file -->






```r
library(semmcci)
library(lavaan)
```

## Data




```r
summary(df)
#>        X                   M                   Y           
#>  Min.   :-3.199558   Min.   :-3.371276   Min.   :-3.61432  
#>  1st Qu.:-0.636035   1st Qu.:-0.692640   1st Qu.:-0.66146  
#>  Median : 0.011377   Median : 0.007125   Median :-0.04726  
#>  Mean   :-0.003207   Mean   :-0.023968   Mean   :-0.01677  
#>  3rd Qu.: 0.651951   3rd Qu.: 0.647363   3rd Qu.: 0.62640  
#>  Max.   : 3.470910   Max.   : 2.963216   Max.   : 3.09950
colMeans(df)
#>            X            M            Y 
#> -0.003206987 -0.023968103 -0.016774294
var(df)
#>           X         M         Y
#> X 1.0600162 0.5108780 0.5069458
#> M 0.5108780 0.9996606 0.6272104
#> Y 0.5069458 0.6272104 0.9837255
```

## Model Specification


```r
model <- "
  Y ~ cp * X + b * M
  M ~ a * X
  indirect := a * b
  direct := cp
  total := cp + (a * b)
"
```

## Model Fitting


```r
fit <- sem(data = df, model = model)
```

## Monte Carlo Confidence Intervals


```r
unstd <- MC(fit, R = 20000L, alpha = 0.05)
```

## Methods

### print


```r
print(unstd)
#> Monte Carlo Confidence Intervals
#>             est     se     R   2.5%  97.5%
#> cp       0.2333 0.0260 20000 0.1818 0.2838
#> b        0.5082 0.0270 20000 0.4553 0.5610
#> a        0.4820 0.0268 20000 0.4297 0.5351
#> Y~~Y     0.5462 0.0244 20000 0.4984 0.5939
#> M~~M     0.7527 0.0337 20000 0.6857 0.8181
#> X~~X     1.0590 0.0000 20000 1.0590 1.0590
#> indirect 0.2449 0.0188 20000 0.2093 0.2826
#> direct   0.2333 0.0260 20000 0.1818 0.2838
#> total    0.4782 0.0262 20000 0.4265 0.5293
```

### summary


```r
summary(unstd)
#> Monte Carlo Confidence Intervals
#>             est     se     R   2.5%  97.5%
#> cp       0.2333 0.0260 20000 0.1818 0.2838
#> b        0.5082 0.0270 20000 0.4553 0.5610
#> a        0.4820 0.0268 20000 0.4297 0.5351
#> Y~~Y     0.5462 0.0244 20000 0.4984 0.5939
#> M~~M     0.7527 0.0337 20000 0.6857 0.8181
#> X~~X     1.0590 0.0000 20000 1.0590 1.0590
#> indirect 0.2449 0.0188 20000 0.2093 0.2826
#> direct   0.2333 0.0260 20000 0.1818 0.2838
#> total    0.4782 0.0262 20000 0.4265 0.5293
```

### coef


```r
coef(unstd)
#>        cp         b         a      Y~~Y      M~~M      X~~X  indirect    direct 
#> 0.2333230 0.5081833 0.4819530 0.5461589 0.7526879 1.0589562 0.2449205 0.2333230 
#>     total 
#> 0.4782435
```

### vcov


```r
vcov(unstd)
#>                     cp             b             a          Y~~Y          M~~M
#> cp        6.757769e-04 -3.520016e-04 -4.321199e-06  1.383993e-06 -1.892754e-06
#> b        -3.520016e-04  7.266877e-04 -1.745212e-06 -5.260851e-06  3.603916e-06
#> a        -4.321199e-06 -1.745212e-06  7.168222e-04  5.918555e-06 -9.575957e-06
#> Y~~Y      1.383993e-06 -5.260851e-06  5.918555e-06  5.944920e-04  4.638930e-06
#> M~~M     -1.892754e-06  3.603916e-06 -9.575957e-06  4.638930e-06  1.136194e-03
#> X~~X      0.000000e+00  0.000000e+00  0.000000e+00  0.000000e+00  0.000000e+00
#> indirect -1.717711e-04  3.491551e-04  3.633339e-04  5.939050e-07 -2.993933e-06
#> direct    6.757769e-04 -3.520016e-04 -4.321199e-06  1.383993e-06 -1.892754e-06
#> total     5.040058e-04 -2.846513e-06  3.590127e-04  1.977898e-06 -4.886686e-06
#>          X~~X      indirect        direct         total
#> cp          0 -1.717711e-04  6.757769e-04  5.040058e-04
#> b           0  3.491551e-04 -3.520016e-04 -2.846513e-06
#> a           0  3.633339e-04 -4.321199e-06  3.590127e-04
#> Y~~Y        0  5.939050e-07  1.383993e-06  1.977898e-06
#> M~~M        0 -2.993933e-06 -1.892754e-06 -4.886686e-06
#> X~~X        0  0.000000e+00  0.000000e+00  0.000000e+00
#> indirect    0  3.533088e-04 -1.717711e-04  1.815378e-04
#> direct      0 -1.717711e-04  6.757769e-04  5.040058e-04
#> total       0  1.815378e-04  5.040058e-04  6.855436e-04
```

### confint


```r
confint(unstd, level = 0.95)
#>              2.5 %    97.5 %
#> cp       0.1818105 0.2837885
#> b        0.4553083 0.5609936
#> a        0.4297123 0.5351099
#> Y~~Y     0.4984432 0.5939260
#> M~~M     0.6857066 0.8180873
#> X~~X     1.0589562 1.0589562
#> indirect 0.2092978 0.2826376
#> direct   0.1818105 0.2837885
#> total    0.4265010 0.5292830
```

## Standardized Monte Carlo Confidence Intervals


```r
fit <- sem(data = df, model = model, fixed.x = FALSE)
unstd <- MC(fit, R = 20000L, alpha = 0.05)
```


```r
std <- MCStd(unstd, alpha = 0.05)
```

## Methods

### print


```r
print(std)
#> Standardized Monte Carlo Confidence Intervals
#>             est     se     R   2.5%  97.5%
#> cp       0.2422 0.0268 20000 0.1890 0.2940
#> b        0.5123 0.0246 20000 0.4631 0.5595
#> a        0.4963 0.0237 20000 0.4483 0.5419
#> Y~~Y     0.5558 0.0235 20000 0.5091 0.6018
#> M~~M     0.7537 0.0235 20000 0.7063 0.7990
#> X~~X     1.0000 0.0000 20000 1.0000 1.0000
#> indirect 0.2542 0.0174 20000 0.2206 0.2883
#> direct   0.2422 0.0268 20000 0.1890 0.2940
#> total    0.4964 0.0239 20000 0.4477 0.5419
```

### summary


```r
summary(std)
#> Standardized Monte Carlo Confidence Intervals
#>             est     se     R   2.5%  97.5%
#> cp       0.2422 0.0268 20000 0.1890 0.2940
#> b        0.5123 0.0246 20000 0.4631 0.5595
#> a        0.4963 0.0237 20000 0.4483 0.5419
#> Y~~Y     0.5558 0.0235 20000 0.5091 0.6018
#> M~~M     0.7537 0.0235 20000 0.7063 0.7990
#> X~~X     1.0000 0.0000 20000 1.0000 1.0000
#> indirect 0.2542 0.0174 20000 0.2206 0.2883
#> direct   0.2422 0.0268 20000 0.1890 0.2940
#> total    0.4964 0.0239 20000 0.4477 0.5419
```

### coef


```r
coef(std)
#>        cp         b         a      Y~~Y      M~~M      X~~X  indirect    direct 
#> 0.2422015 0.5122827 0.4962890 0.5557501 0.7536972 1.0000000 0.2542403 0.2422015 
#>     total 
#> 0.4964418
```

### vcov


```r
vcov(std)
#>                     cp             b             a          Y~~Y          M~~M
#> cp        7.199870e-04 -4.648581e-04  1.056842e-05 -1.286767e-04 -1.070880e-05
#> b        -4.648581e-04  6.028984e-04  1.064840e-05 -3.030471e-04 -1.047933e-05
#> a         1.056842e-05  1.064840e-05  5.615477e-04 -1.627348e-04 -5.559287e-04
#> Y~~Y     -1.286767e-04 -3.030471e-04 -1.627348e-04  5.508118e-04  1.612867e-04
#> M~~M     -1.070880e-05 -1.047933e-05 -5.559287e-04  1.612867e-04  5.509976e-04
#> X~~X     -1.143630e-20 -1.828915e-20 -2.191676e-20  3.983358e-20  2.196039e-20
#> indirect -2.252942e-04  3.045084e-04  2.926370e-04 -2.333817e-04 -2.896939e-04
#> direct    7.199870e-04 -4.648581e-04  1.056842e-05 -1.286767e-04 -1.070880e-05
#> total     4.946928e-04 -1.603496e-04  3.032054e-04 -3.620584e-04 -3.004027e-04
#>                   X~~X      indirect        direct         total
#> cp       -1.143630e-20 -2.252942e-04  7.199870e-04  4.946928e-04
#> b        -1.828915e-20  3.045084e-04 -4.648581e-04 -1.603496e-04
#> a        -2.191676e-20  2.926370e-04  1.056842e-05  3.032054e-04
#> Y~~Y      3.983358e-20 -2.333817e-04 -1.286767e-04 -3.620584e-04
#> M~~M      2.196039e-20 -2.896939e-04 -1.070880e-05 -3.004027e-04
#> X~~X      1.183351e-32 -2.019471e-20 -1.143630e-20 -3.163101e-20
#> indirect -2.019471e-20  3.011326e-04 -2.252942e-04  7.583834e-05
#> direct   -1.143630e-20 -2.252942e-04  7.199870e-04  4.946928e-04
#> total    -3.163101e-20  7.583834e-05  4.946928e-04  5.705311e-04
```

### confint


```r
confint(std, level = 0.95)
#>              2.5 %    97.5 %
#> cp       0.1890023 0.2939695
#> b        0.4630623 0.5595158
#> a        0.4483469 0.5419195
#> Y~~Y     0.5091026 0.6017803
#> M~~M     0.7063232 0.7989851
#> X~~X     1.0000000 1.0000000
#> indirect 0.2205638 0.2882612
#> direct   0.1890023 0.2939695
#> total    0.4477338 0.5419092
```

# References
