---
title: "semmcci: Methods (MI)"
author: "Ivan Jacob Agaloos Pesigan"
date: "2023-08-29"
bibliography: "vignettes.bib"
csl: https://raw.githubusercontent.com/citation-style-language/styles/master/apa.csl
nocite: |
  @Pesigan-Cheung-2023
output:
  rmarkdown::html_vignette:
    toc: true
vignette: >
  %\VignetteIndexEntry{semmcci: Methods (MI)}
  %\VignetteEngine{knitr::rmarkdown}
  %\VignetteEncoding{UTF-8}
---

<!-- vignettes/methods-mc-mi.Rmd is generated from .setup/vignettes/methods-mc-mi.Rmd.orig. Please edit that file -->






```r
library(semmcci)
library(lavaan)
```

## Data




```r
summary(df)
#>        X                  M                  Y           
#>  Min.   :-3.19956   Min.   :-3.37128   Min.   :-3.61432  
#>  1st Qu.:-0.63268   1st Qu.:-0.70516   1st Qu.:-0.66921  
#>  Median : 0.02823   Median : 0.02825   Median :-0.04833  
#>  Mean   : 0.00269   Mean   :-0.01992   Mean   :-0.01538  
#>  3rd Qu.: 0.65754   3rd Qu.: 0.65240   3rd Qu.: 0.65293  
#>  Max.   : 3.47091   Max.   : 2.93497   Max.   : 3.09950  
#>  NA's   :100        NA's   :100        NA's   :100
```

## Multiple Imputation

Perform the appropriate multiple imputation approach to deal with missing values.
In this example, we impute multivariate missing data under the normal model.


```r
mi <- mice::mice(
  df,
  method = "norm",
  m = 100,
  print = FALSE,
  seed = 42
)
```

## Model Specification


```r
model <- "
  Y ~ cp * X + b * M
  M ~ a * X
  X ~~ X
  indirect := a * b
  direct := cp
  total := cp + (a * b)
"
```

## Model Fitting


```r
fit <- sem(data = df, model = model)
```

## Monte Carlo Confidence Intervals


```r
unstd <- MCMI(fit, mi = mi, R = 20000L, alpha = 0.05)
```

## Methods

### print


```r
print(unstd)
#> Monte Carlo Confidence Intervals (Multiple Imputation Estimates)
#>             est     se     R   2.5%  97.5%
#> cp       0.2328 0.0298 20000 0.1744 0.2920
#> b        0.5113 0.0300 20000 0.4526 0.5706
#> a        0.4811 0.0286 20000 0.4255 0.5377
#> X~~X     1.0617 0.0490 20000 0.9660 1.1581
#> Y~~Y     0.5533 0.0271 20000 0.4998 0.6060
#> M~~M     0.7568 0.0363 20000 0.6851 0.8278
#> indirect 0.2460 0.0202 20000 0.2076 0.2868
#> direct   0.2328 0.0298 20000 0.1744 0.2920
#> total    0.4788 0.0286 20000 0.4232 0.5345
```

### summary


```r
summary(unstd)
#> Monte Carlo Confidence Intervals (Multiple Imputation Estimates)
#>             est     se     R   2.5%  97.5%
#> cp       0.2328 0.0298 20000 0.1744 0.2920
#> b        0.5113 0.0300 20000 0.4526 0.5706
#> a        0.4811 0.0286 20000 0.4255 0.5377
#> X~~X     1.0617 0.0490 20000 0.9660 1.1581
#> Y~~Y     0.5533 0.0271 20000 0.4998 0.6060
#> M~~M     0.7568 0.0363 20000 0.6851 0.8278
#> indirect 0.2460 0.0202 20000 0.2076 0.2868
#> direct   0.2328 0.0298 20000 0.1744 0.2920
#> total    0.4788 0.0286 20000 0.4232 0.5345
```

### coef


```r
coef(unstd)
#>        cp         b         a      X~~X      Y~~Y      M~~M  indirect    direct 
#> 0.2328242 0.5113353 0.4810732 1.0617011 0.5533052 0.7567771 0.2459664 0.2328242 
#>     total 
#> 0.4787907
```

### vcov


```r
vcov(unstd)
#>                     cp             b             a          X~~X          Y~~Y
#> cp        8.903335e-04 -4.732967e-04 -2.665774e-05  3.214517e-05 -1.788725e-05
#> b        -4.732967e-04  9.001147e-04 -2.544059e-05 -1.524185e-05 -2.663034e-05
#> a        -2.665774e-05 -2.544059e-05  8.156155e-04 -2.491168e-05  2.984787e-05
#> X~~X      3.214517e-05 -1.524185e-05 -2.491168e-05  2.400213e-03 -2.117061e-05
#> Y~~Y     -1.788725e-05 -2.663034e-05  2.984787e-05 -2.117061e-05  7.341830e-04
#> M~~M     -3.714042e-06  6.332668e-07 -7.312491e-05 -1.009213e-05  3.063983e-06
#> indirect -2.411263e-04  4.197863e-04  4.049193e-04 -2.020184e-05  2.442661e-06
#> direct    8.903335e-04 -4.732967e-04 -2.665774e-05  3.214517e-05 -1.788725e-05
#> total     6.492072e-04 -5.351043e-05  3.782615e-04  1.194333e-05 -1.544458e-05
#>                   M~~M      indirect        direct         total
#> cp       -3.714042e-06 -2.411263e-04  8.903335e-04  6.492072e-04
#> b         6.332668e-07  4.197863e-04 -4.732967e-04 -5.351043e-05
#> a        -7.312491e-05  4.049193e-04 -2.665774e-05  3.782615e-04
#> X~~X     -1.009213e-05 -2.020184e-05  3.214517e-05  1.194333e-05
#> Y~~Y      3.063983e-06  2.442661e-06 -1.788725e-05 -1.544458e-05
#> M~~M      1.314980e-03 -3.723870e-05 -3.714042e-06 -4.095274e-05
#> indirect -3.723870e-05  4.096820e-04 -2.411263e-04  1.685557e-04
#> direct   -3.714042e-06 -2.411263e-04  8.903335e-04  6.492072e-04
#> total    -4.095274e-05  1.685557e-04  6.492072e-04  8.177629e-04
```

### confint


```r
confint(unstd, level = 0.95)
#>              2.5 %    97.5 %
#> cp       0.1743759 0.2919975
#> b        0.4526427 0.5705794
#> a        0.4255098 0.5376689
#> X~~X     0.9659864 1.1581229
#> Y~~Y     0.4998196 0.6060466
#> M~~M     0.6851166 0.8277912
#> indirect 0.2075798 0.2868094
#> direct   0.1743759 0.2919975
#> total    0.4232094 0.5344842
```

## Standardized Monte Carlo Confidence Intervals


```r
fit <- sem(data = df, model = model, fixed.x = FALSE)
unstd <- MCMI(fit, mi = mi, R = 20000L, alpha = 0.05)
```


```r
std <- MCStd(unstd, alpha = 0.05)
```

## Methods

### print


```r
print(std)
#> Standardized Monte Carlo Confidence Intervals
#>             est     se     R   2.5%  97.5%
#> cp       0.2450 0.0306 20000 0.1802 0.3003
#> b        0.5189 0.0275 20000 0.4594 0.5668
#> a        0.5031 0.0259 20000 0.4424 0.5439
#> X~~X     1.0000 0.0000 20000 1.0000 1.0000
#> Y~~Y     0.5429 0.0251 20000 0.5069 0.6051
#> M~~M     0.7469 0.0256 20000 0.7041 0.8043
#> indirect 0.2610 0.0190 20000 0.2174 0.2918
#> direct   0.2450 0.0306 20000 0.1802 0.3003
#> total    0.5060 0.0262 20000 0.4420 0.5440
```

### summary


```r
summary(std)
#> Standardized Monte Carlo Confidence Intervals
#>             est     se     R   2.5%  97.5%
#> cp       0.2450 0.0306 20000 0.1802 0.3003
#> b        0.5189 0.0275 20000 0.4594 0.5668
#> a        0.5031 0.0259 20000 0.4424 0.5439
#> X~~X     1.0000 0.0000 20000 1.0000 1.0000
#> Y~~Y     0.5429 0.0251 20000 0.5069 0.6051
#> M~~M     0.7469 0.0256 20000 0.7041 0.8043
#> indirect 0.2610 0.0190 20000 0.2174 0.2918
#> direct   0.2450 0.0306 20000 0.1802 0.3003
#> total    0.5060 0.0262 20000 0.4420 0.5440
```

### coef


```r
coef(std)
#>        cp         b         a      X~~X      Y~~Y      M~~M  indirect    direct 
#> 0.2449797 0.5188628 0.5030687 1.0000000 0.5428754 0.7469219 0.2610236 0.2449797 
#>     total 
#> 0.5060033
```

### vcov


```r
vcov(std)
#>                     cp             b             a          X~~X          Y~~Y
#> cp        9.373150e-04 -6.124065e-04 -8.778521e-06  1.814074e-20 -1.488567e-04
#> b        -6.124065e-04  7.569461e-04 -8.172421e-07 -1.210173e-20 -3.509955e-04
#> a        -8.778521e-06 -8.172421e-07  6.699435e-04  1.416009e-20 -1.543789e-04
#> X~~X      1.814074e-20 -1.210173e-20  1.416009e-20  1.195369e-32 -5.660914e-21
#> Y~~Y     -1.488567e-04 -3.509955e-04 -1.543789e-04 -5.660914e-21  6.285985e-04
#> M~~M      8.589580e-06  9.160451e-07 -6.609594e-04 -1.344025e-20  1.522450e-04
#> indirect -3.075025e-04  3.742104e-04  3.432385e-04  2.336682e-22 -2.528151e-04
#> direct    9.373150e-04 -6.124065e-04 -8.778521e-06  1.814074e-20 -1.488567e-04
#> total     6.298125e-04 -2.381961e-04  3.344600e-04  1.837440e-20 -4.016718e-04
#>                   M~~M      indirect        direct         total
#> cp        8.589580e-06 -3.075025e-04  9.373150e-04  6.298125e-04
#> b         9.160451e-07  3.742104e-04 -6.124065e-04 -2.381961e-04
#> a        -6.609594e-04  3.432385e-04 -8.778521e-06  3.344600e-04
#> X~~X     -1.344025e-20  2.336682e-22  1.814074e-20  1.837440e-20
#> Y~~Y      1.522450e-04 -2.528151e-04 -1.488567e-04 -4.016718e-04
#> M~~M      6.530139e-04 -3.385650e-04  8.589580e-06 -3.299754e-04
#> indirect -3.385650e-04  3.617848e-04 -3.075025e-04  5.428225e-05
#> direct    8.589580e-06 -3.075025e-04  9.373150e-04  6.298125e-04
#> total    -3.299754e-04  5.428225e-05  6.298125e-04  6.840947e-04
```

### confint


```r
confint(std, level = 0.95)
#>              2.5 %    97.5 %
#> cp       0.1802179 0.3002725
#> b        0.4593692 0.5668035
#> a        0.4423885 0.5439469
#> X~~X     1.0000000 1.0000000
#> Y~~Y     0.5068500 0.6050782
#> M~~M     0.7041218 0.8042925
#> indirect 0.2174429 0.2917735
#> direct   0.1802179 0.3002725
#> total    0.4419903 0.5439893
```

## References
