---
title: "semmcci: Methods (MI)"
author: "Ivan Jacob Agaloos Pesigan"
date: "2023-08-12"
bibliography: "vignettes.bib"
csl: https://raw.githubusercontent.com/citation-style-language/styles/master/apa.csl
nocite: |
  @Pesigan-Cheung-2023
output:
  rmarkdown::html_vignette:
    toc: true
vignette: >
  %\VignetteIndexEntry{semmcci: Methods (MI)}
  %\VignetteEngine{knitr::rmarkdown}
  %\VignetteEncoding{UTF-8}
---

<!-- vignettes/methods-mc-mi.Rmd is generated from .setup/vignettes/methods-mc-mi.Rmd.orig. Please edit that file -->






```r
library(semmcci)
library(lavaan)
```

## Data




```r
summary(df)
#>        X                  M                  Y           
#>  Min.   :-3.19956   Min.   :-3.37128   Min.   :-3.61432  
#>  1st Qu.:-0.63268   1st Qu.:-0.70516   1st Qu.:-0.66921  
#>  Median : 0.02823   Median : 0.02825   Median :-0.04833  
#>  Mean   : 0.00269   Mean   :-0.01992   Mean   :-0.01538  
#>  3rd Qu.: 0.65754   3rd Qu.: 0.65240   3rd Qu.: 0.65293  
#>  Max.   : 3.47091   Max.   : 2.93497   Max.   : 3.09950  
#>  NA's   :100        NA's   :100        NA's   :100
```

## Multiple Imputation

Perform the appropriate multiple imputation approach to deal with missing values.
In this example, we impute multivariate missing data under the normal model.


```r
mi <- mice::mice(
  df,
  method = "norm",
  m = 100,
  print = FALSE,
  seed = 42
)
```

## Model Specification


```r
model <- "
  Y ~ cp * X + b * M
  M ~ a * X
  X ~~ X
  indirect := a * b
  direct := cp
  total := cp + (a * b)
"
```

## Model Fitting


```r
fit <- sem(data = df, model = model)
```

## Monte Carlo Confidence Intervals


```r
unstd <- MCMI(fit, mi = mi, R = 20000L, alpha = 0.05)
```

## Methods

### print


```r
print(unstd)
#> Monte Carlo Confidence Intervals (Multiple Imputation Estimates)
#>             est     se     R   2.5%  97.5%
#> cp       0.2328 0.0296 20000 0.1742 0.2903
#> b        0.5113 0.0299 20000 0.4531 0.5707
#> a        0.4811 0.0287 20000 0.4238 0.5370
#> X~~X     1.0617 0.0490 20000 0.9654 1.1568
#> Y~~Y     0.5533 0.0271 20000 0.5006 0.6061
#> M~~M     0.7568 0.0364 20000 0.6848 0.8282
#> indirect 0.2460 0.0203 20000 0.2078 0.2873
#> direct   0.2328 0.0296 20000 0.1742 0.2903
#> total    0.4788 0.0282 20000 0.4234 0.5338
```

### summary


```r
summary(unstd)
#> Monte Carlo Confidence Intervals (Multiple Imputation Estimates)
#>             est     se     R   2.5%  97.5%
#> cp       0.2328 0.0296 20000 0.1742 0.2903
#> b        0.5113 0.0299 20000 0.4531 0.5707
#> a        0.4811 0.0287 20000 0.4238 0.5370
#> X~~X     1.0617 0.0490 20000 0.9654 1.1568
#> Y~~Y     0.5533 0.0271 20000 0.5006 0.6061
#> M~~M     0.7568 0.0364 20000 0.6848 0.8282
#> indirect 0.2460 0.0203 20000 0.2078 0.2873
#> direct   0.2328 0.0296 20000 0.1742 0.2903
#> total    0.4788 0.0282 20000 0.4234 0.5338
```

### coef


```r
coef(unstd)
#>        cp         b         a      X~~X      Y~~Y      M~~M  indirect    direct 
#> 0.2328242 0.5113353 0.4810732 1.0617011 0.5533052 0.7567771 0.2459664 0.2328242 
#>     total 
#> 0.4787907
```

### vcov


```r
vcov(unstd)
#>                     cp             b             a          X~~X          Y~~Y
#> cp        8.738719e-04 -4.736972e-04 -3.145497e-05 -2.057566e-05 -1.957058e-05
#> b        -4.736972e-04  8.930760e-04 -2.395120e-05 -1.585891e-07 -2.422886e-05
#> a        -3.145497e-05 -2.395120e-05  8.231392e-04 -1.701251e-06  2.949103e-05
#> X~~X     -2.057566e-05 -1.585891e-07 -1.701251e-06  2.403462e-03 -2.617283e-05
#> Y~~Y     -1.957058e-05 -2.422886e-05  2.949103e-05 -2.617283e-05  7.325732e-04
#> M~~M      7.491145e-06 -1.538363e-05 -5.880188e-05  9.428477e-07 -5.637021e-06
#> indirect -2.439098e-04  4.171861e-04  4.099319e-04 -3.544840e-07  3.496604e-06
#> direct    8.738719e-04 -4.736972e-04 -3.145497e-05 -2.057566e-05 -1.957058e-05
#> total     6.299622e-04 -5.651110e-05  3.784770e-04 -2.093015e-05 -1.607398e-05
#>                   M~~M      indirect        direct         total
#> cp        7.491145e-06 -2.439098e-04  8.738719e-04  6.299622e-04
#> b        -1.538363e-05  4.171861e-04 -4.736972e-04 -5.651110e-05
#> a        -5.880188e-05  4.099319e-04 -3.145497e-05  3.784770e-04
#> X~~X      9.428477e-07 -3.544840e-07 -2.057566e-05 -2.093015e-05
#> Y~~Y     -5.637021e-06  3.496604e-06 -1.957058e-05 -1.607398e-05
#> M~~M      1.327853e-03 -3.706612e-05  7.491145e-06 -2.957498e-05
#> indirect -3.706612e-05  4.112413e-04 -2.439098e-04  1.673315e-04
#> direct    7.491145e-06 -2.439098e-04  8.738719e-04  6.299622e-04
#> total    -2.957498e-05  1.673315e-04  6.299622e-04  7.972936e-04
```

### confint


```r
confint(unstd, level = 0.95)
#>              2.5 %    97.5 %
#> cp       0.1741864 0.2902869
#> b        0.4531134 0.5706566
#> a        0.4237920 0.5369596
#> X~~X     0.9654189 1.1568222
#> Y~~Y     0.5005680 0.6060547
#> M~~M     0.6847616 0.8282093
#> indirect 0.2078045 0.2873207
#> direct   0.1741864 0.2902869
#> total    0.4233992 0.5337938
```

## Standardized Monte Carlo Confidence Intervals


```r
fit <- sem(data = df, model = model, fixed.x = FALSE)
unstd <- MCMI(fit, mi = mi, R = 20000L, alpha = 0.05)
```


```r
std <- MCStd(unstd, alpha = 0.05)
```

## Methods

### print


```r
print(std)
#> Standardized Monte Carlo Confidence Intervals
#>             est     se     R   2.5%  97.5%
#> cp       0.2450 0.0304 20000 0.1803 0.2997
#> b        0.5189 0.0274 20000 0.4589 0.5662
#> a        0.5031 0.0260 20000 0.4429 0.5444
#> X~~X     1.0000 0.0000 20000 1.0000 1.0000
#> Y~~Y     0.5429 0.0252 20000 0.5068 0.6054
#> M~~M     0.7469 0.0256 20000 0.7036 0.8038
#> indirect 0.2610 0.0190 20000 0.2171 0.2911
#> direct   0.2450 0.0304 20000 0.1803 0.2997
#> total    0.5060 0.0262 20000 0.4417 0.5449
```

### summary


```r
summary(std)
#> Standardized Monte Carlo Confidence Intervals
#>             est     se     R   2.5%  97.5%
#> cp       0.2450 0.0304 20000 0.1803 0.2997
#> b        0.5189 0.0274 20000 0.4589 0.5662
#> a        0.5031 0.0260 20000 0.4429 0.5444
#> X~~X     1.0000 0.0000 20000 1.0000 1.0000
#> Y~~Y     0.5429 0.0252 20000 0.5068 0.6054
#> M~~M     0.7469 0.0256 20000 0.7036 0.8038
#> indirect 0.2610 0.0190 20000 0.2171 0.2911
#> direct   0.2450 0.0304 20000 0.1803 0.2997
#> total    0.5060 0.0262 20000 0.4417 0.5449
```

### coef


```r
coef(std)
#>        cp         b         a      X~~X      Y~~Y      M~~M  indirect    direct 
#> 0.2449797 0.5188628 0.5030687 1.0000000 0.5428754 0.7469219 0.2610236 0.2449797 
#>     total 
#> 0.5060033
```

### vcov


```r
vcov(std)
#>                     cp             b             a          X~~X          Y~~Y
#> cp        9.257620e-04 -6.006815e-04 -5.746655e-06 -7.274502e-20 -1.535883e-04
#> b        -6.006815e-04  7.493120e-04 -2.685194e-06  5.605194e-20 -3.520013e-04
#> a        -5.746655e-06 -2.685194e-06  6.737340e-04  5.196245e-21 -1.559409e-04
#> X~~X     -7.274502e-20  5.605194e-20  5.196245e-21  1.178790e-32  1.875622e-22
#> Y~~Y     -1.535883e-04 -3.520013e-04 -1.559409e-04  1.875622e-22  6.349493e-04
#> M~~M      5.572967e-06  2.910330e-06 -6.652845e-04 -5.472742e-21  1.537465e-04
#> indirect -3.001549e-04  3.691597e-04  3.440339e-04  3.037775e-20 -2.536512e-04
#> direct    9.257620e-04 -6.006815e-04 -5.746655e-06 -7.274502e-20 -1.535883e-04
#> total     6.256070e-04 -2.315218e-04  3.382873e-04 -4.236727e-20 -4.072395e-04
#>                   M~~M      indirect        direct         total
#> cp        5.572967e-06 -3.001549e-04  9.257620e-04  6.256070e-04
#> b         2.910330e-06  3.691597e-04 -6.006815e-04 -2.315218e-04
#> a        -6.652845e-04  3.440339e-04 -5.746655e-06  3.382873e-04
#> X~~X     -5.472742e-21  3.037775e-20 -7.274502e-20 -4.236727e-20
#> Y~~Y      1.537465e-04 -2.536512e-04 -1.535883e-04 -4.072395e-04
#> M~~M      6.578381e-04 -3.395913e-04  5.572967e-06 -3.340183e-04
#> indirect -3.395913e-04  3.594233e-04 -3.001549e-04  5.926834e-05
#> direct    5.572967e-06 -3.001549e-04  9.257620e-04  6.256070e-04
#> total    -3.340183e-04  5.926834e-05  6.256070e-04  6.848754e-04
```

### confint


```r
confint(std, level = 0.95)
#>              2.5 %    97.5 %
#> cp       0.1803273 0.2997056
#> b        0.4589405 0.5661813
#> a        0.4429425 0.5443842
#> X~~X     1.0000000 1.0000000
#> Y~~Y     0.5068464 0.6054136
#> M~~M     0.7036459 0.8038019
#> indirect 0.2171002 0.2911144
#> direct   0.1803273 0.2997056
#> total    0.4417495 0.5448943
```

## References
