---
title: "semmcci: Methods (MC)"
author: "Ivan Jacob Agaloos Pesigan"
date: "2023-12-13"
bibliography: "vignettes.bib"
csl: https://raw.githubusercontent.com/citation-style-language/styles/master/apa.csl
nocite: |
  @Pesigan-Cheung-2023
output:
  rmarkdown::html_vignette:
    toc: true
vignette: >
  %\VignetteIndexEntry{semmcci: Methods (MC)}
  %\VignetteEngine{knitr::rmarkdown}
  %\VignetteEncoding{UTF-8}
---

<!-- vignettes/methods-mc.Rmd is generated from .setup/vignettes/methods-mc.Rmd.orig. Please edit that file -->






```r
library(semmcci)
library(lavaan)
```

## Data




```r
summary(df)
#>        X                   M                   Y           
#>  Min.   :-3.199558   Min.   :-3.371276   Min.   :-3.61432  
#>  1st Qu.:-0.636035   1st Qu.:-0.692640   1st Qu.:-0.66146  
#>  Median : 0.011377   Median : 0.007125   Median :-0.04726  
#>  Mean   :-0.003207   Mean   :-0.023968   Mean   :-0.01677  
#>  3rd Qu.: 0.651951   3rd Qu.: 0.647363   3rd Qu.: 0.62640  
#>  Max.   : 3.470910   Max.   : 2.963216   Max.   : 3.09950
colMeans(df)
#>            X            M            Y 
#> -0.003206987 -0.023968103 -0.016774294
var(df)
#>           X         M         Y
#> X 1.0600162 0.5108780 0.5069458
#> M 0.5108780 0.9996606 0.6272104
#> Y 0.5069458 0.6272104 0.9837255
```

## Model Specification


```r
model <- "
  Y ~ cp * X + b * M
  M ~ a * X
  indirect := a * b
  direct := cp
  total := cp + (a * b)
"
```

## Model Fitting


```r
fit <- sem(data = df, model = model)
```

## Monte Carlo Confidence Intervals


```r
unstd <- MC(fit, R = 20000L, alpha = 0.05)
```

## Methods

### print


```r
print(unstd)
#> Monte Carlo Confidence Intervals
#>             est     se     R   2.5%  97.5%
#> cp       0.2333 0.0264 20000 0.1817 0.2846
#> b        0.5082 0.0272 20000 0.4551 0.5611
#> a        0.4820 0.0264 20000 0.4302 0.5340
#> Y~~Y     0.5462 0.0244 20000 0.4979 0.5944
#> M~~M     0.7527 0.0339 20000 0.6867 0.8196
#> X~~X     1.0590 0.0000 20000 1.0590 1.0590
#> indirect 0.2449 0.0187 20000 0.2093 0.2825
#> direct   0.2333 0.0264 20000 0.1817 0.2846
#> total    0.4782 0.0267 20000 0.4257 0.5303
```

### summary


```r
summary(unstd)
#> Monte Carlo Confidence Intervals
#>             est     se     R   2.5%  97.5%
#> cp       0.2333 0.0264 20000 0.1817 0.2846
#> b        0.5082 0.0272 20000 0.4551 0.5611
#> a        0.4820 0.0264 20000 0.4302 0.5340
#> Y~~Y     0.5462 0.0244 20000 0.4979 0.5944
#> M~~M     0.7527 0.0339 20000 0.6867 0.8196
#> X~~X     1.0590 0.0000 20000 1.0590 1.0590
#> indirect 0.2449 0.0187 20000 0.2093 0.2825
#> direct   0.2333 0.0264 20000 0.1817 0.2846
#> total    0.4782 0.0267 20000 0.4257 0.5303
```

### coef


```r
coef(unstd)
#>        cp         b         a      Y~~Y      M~~M      X~~X  indirect    direct 
#> 0.2333230 0.5081833 0.4819530 0.5461589 0.7526879 1.0589562 0.2449205 0.2333230 
#>     total 
#> 0.4782435
```

### vcov


```r
vcov(unstd)
#>                     cp             b             a          Y~~Y          M~~M
#> cp        6.957832e-04 -3.569537e-04  7.335055e-06 -1.863172e-06  6.369651e-06
#> b        -3.569537e-04  7.397495e-04 -2.175751e-06 -1.959388e-06 -4.413204e-06
#> a         7.335055e-06 -2.175751e-06  6.982971e-04  8.322624e-06  5.021764e-06
#> Y~~Y     -1.863172e-06 -1.959388e-06  8.322624e-06  5.962836e-04 -4.504744e-06
#> M~~M      6.369651e-06 -4.413204e-06  5.021764e-06 -4.504744e-06  1.148370e-03
#> X~~X      0.000000e+00  0.000000e+00  0.000000e+00  0.000000e+00  0.000000e+00
#> indirect -1.680080e-04  3.551166e-04  3.538576e-04  3.161695e-06  4.149403e-07
#> direct    6.957832e-04 -3.569537e-04  7.335055e-06 -1.863172e-06  6.369651e-06
#> total     5.277753e-04 -1.837106e-06  3.611927e-04  1.298523e-06  6.784591e-06
#>          X~~X      indirect        direct         total
#> cp          0 -1.680080e-04  6.957832e-04  5.277753e-04
#> b           0  3.551166e-04 -3.569537e-04 -1.837106e-06
#> a           0  3.538576e-04  7.335055e-06  3.611927e-04
#> Y~~Y        0  3.161695e-06 -1.863172e-06  1.298523e-06
#> M~~M        0  4.149403e-07  6.369651e-06  6.784591e-06
#> X~~X        0  0.000000e+00  0.000000e+00  0.000000e+00
#> indirect    0  3.513668e-04 -1.680080e-04  1.833588e-04
#> direct      0 -1.680080e-04  6.957832e-04  5.277753e-04
#> total       0  1.833588e-04  5.277753e-04  7.111341e-04
```

### confint


```r
confint(unstd, level = 0.95)
#>              2.5 %    97.5 %
#> cp       0.1816910 0.2845601
#> b        0.4551497 0.5611403
#> a        0.4301663 0.5339651
#> Y~~Y     0.4979155 0.5944224
#> M~~M     0.6866621 0.8195868
#> X~~X     1.0589562 1.0589562
#> indirect 0.2093133 0.2824762
#> direct   0.1816910 0.2845601
#> total    0.4256765 0.5303385
```

## Standardized Monte Carlo Confidence Intervals


```r
fit <- sem(data = df, model = model, fixed.x = FALSE)
unstd <- MC(fit, R = 20000L, alpha = 0.05)
```


```r
std <- MCStd(unstd, alpha = 0.05)
```

## Methods

### print


```r
print(std)
#> Standardized Monte Carlo Confidence Intervals
#>             est     se     R   2.5%  97.5%
#> cp       0.2422 0.0267 20000 0.1894 0.2939
#> b        0.5123 0.0247 20000 0.4636 0.5604
#> a        0.4963 0.0240 20000 0.4478 0.5414
#> Y~~Y     0.5558 0.0236 20000 0.5087 0.6017
#> M~~M     0.7537 0.0237 20000 0.7069 0.7995
#> X~~X     1.0000 0.0000 20000 1.0000 1.0000
#> indirect 0.2542 0.0176 20000 0.2200 0.2890
#> direct   0.2422 0.0267 20000 0.1894 0.2939
#> total    0.4964 0.0240 20000 0.4478 0.5417
```

### summary


```r
summary(std)
#> Standardized Monte Carlo Confidence Intervals
#>             est     se     R   2.5%  97.5%
#> cp       0.2422 0.0267 20000 0.1894 0.2939
#> b        0.5123 0.0247 20000 0.4636 0.5604
#> a        0.4963 0.0240 20000 0.4478 0.5414
#> Y~~Y     0.5558 0.0236 20000 0.5087 0.6017
#> M~~M     0.7537 0.0237 20000 0.7069 0.7995
#> X~~X     1.0000 0.0000 20000 1.0000 1.0000
#> indirect 0.2542 0.0176 20000 0.2200 0.2890
#> direct   0.2422 0.0267 20000 0.1894 0.2939
#> total    0.4964 0.0240 20000 0.4478 0.5417
```

### coef


```r
coef(std)
#>        cp         b         a      Y~~Y      M~~M      X~~X  indirect    direct 
#> 0.2422015 0.5122827 0.4962890 0.5557501 0.7536972 1.0000000 0.2542403 0.2422015 
#>     total 
#> 0.4964418
```

### vcov


```r
vcov(std)
#>                     cp             b             a          Y~~Y          M~~M
#> cp        7.138985e-04 -4.665792e-04  1.231484e-05 -1.207304e-04 -1.227630e-05
#> b        -4.665792e-04  6.084635e-04  2.060638e-05 -3.113955e-04 -2.037764e-05
#> a         1.231484e-05  2.060638e-05  5.750646e-04 -1.801598e-04 -5.691150e-04
#> Y~~Y     -1.207304e-04 -3.113955e-04 -1.801598e-04  5.582797e-04  1.783963e-04
#> M~~M     -1.227630e-05 -2.037764e-05 -5.691150e-04  1.783963e-04  5.638824e-04
#> X~~X     -2.317535e-20 -2.899525e-22  3.215836e-21  2.221035e-20 -4.360069e-21
#> indirect -2.251418e-04  3.121525e-04  3.047253e-04 -2.463450e-04 -3.015985e-04
#> direct    7.138985e-04 -4.665792e-04  1.231484e-05 -1.207304e-04 -1.227630e-05
#> total     4.887567e-04 -1.544266e-04  3.170402e-04 -3.670754e-04 -3.138748e-04
#>                   X~~X      indirect        direct         total
#> cp       -2.317535e-20 -2.251418e-04  7.138985e-04  4.887567e-04
#> b        -2.899525e-22  3.121525e-04 -4.665792e-04 -1.544266e-04
#> a         3.215836e-21  3.047253e-04  1.231484e-05  3.170402e-04
#> Y~~Y      2.221035e-20 -2.463450e-04 -1.207304e-04 -3.670754e-04
#> M~~M     -4.360069e-21 -3.015985e-04 -1.227630e-05 -3.138748e-04
#> X~~X      1.194629e-32  2.107916e-21 -2.317535e-20 -2.106743e-20
#> indirect  2.107916e-21  3.111401e-04 -2.251418e-04  8.599831e-05
#> direct   -2.317535e-20 -2.251418e-04  7.138985e-04  4.887567e-04
#> total    -2.106743e-20  8.599831e-05  4.887567e-04  5.747550e-04
```

### confint


```r
confint(std, level = 0.95)
#>              2.5 %    97.5 %
#> cp       0.1893832 0.2939460
#> b        0.4636288 0.5604064
#> a        0.4478242 0.5413866
#> Y~~Y     0.5086877 0.6017120
#> M~~M     0.7069005 0.7994535
#> X~~X     1.0000000 1.0000000
#> indirect 0.2200147 0.2890137
#> direct   0.1893832 0.2939460
#> total    0.4478211 0.5417344
```

# References
