---
title: "semmcci: Methods (MC)"
author: "Ivan Jacob Agaloos Pesigan"
date: "2023-08-21"
bibliography: "vignettes.bib"
csl: https://raw.githubusercontent.com/citation-style-language/styles/master/apa.csl
nocite: |
  @Pesigan-Cheung-2023
output:
  rmarkdown::html_vignette:
    toc: true
vignette: >
  %\VignetteIndexEntry{semmcci: Methods (MC)}
  %\VignetteEngine{knitr::rmarkdown}
  %\VignetteEncoding{UTF-8}
---

<!-- vignettes/methods-mc.Rmd is generated from .setup/vignettes/methods-mc.Rmd.orig. Please edit that file -->






```r
library(semmcci)
library(lavaan)
```

## Data




```r
summary(df)
#>        X                   M                   Y           
#>  Min.   :-3.199558   Min.   :-3.371276   Min.   :-3.61432  
#>  1st Qu.:-0.636035   1st Qu.:-0.692640   1st Qu.:-0.66146  
#>  Median : 0.011377   Median : 0.007125   Median :-0.04726  
#>  Mean   :-0.003207   Mean   :-0.023968   Mean   :-0.01677  
#>  3rd Qu.: 0.651951   3rd Qu.: 0.647363   3rd Qu.: 0.62640  
#>  Max.   : 3.470910   Max.   : 2.963216   Max.   : 3.09950
colMeans(df)
#>            X            M            Y 
#> -0.003206987 -0.023968103 -0.016774294
var(df)
#>           X         M         Y
#> X 1.0600162 0.5108780 0.5069458
#> M 0.5108780 0.9996606 0.6272104
#> Y 0.5069458 0.6272104 0.9837255
```

## Model Specification


```r
model <- "
  Y ~ cp * X + b * M
  M ~ a * X
  indirect := a * b
  direct := cp
  total := cp + (a * b)
"
```

## Model Fitting


```r
fit <- sem(data = df, model = model)
```

## Monte Carlo Confidence Intervals


```r
unstd <- MC(fit, R = 20000L, alpha = 0.05)
```

## Methods

### print


```r
print(unstd)
#> Monte Carlo Confidence Intervals
#>             est     se     R   2.5%  97.5%
#> cp       0.2333 0.0262 20000 0.1814 0.2850
#> b        0.5082 0.0269 20000 0.4556 0.5609
#> a        0.4820 0.0267 20000 0.4296 0.5338
#> Y~~Y     0.5462 0.0243 20000 0.4987 0.5939
#> M~~M     0.7527 0.0334 20000 0.6879 0.8195
#> X~~X     1.0590 0.0000 20000 1.0590 1.0590
#> indirect 0.2449 0.0188 20000 0.2090 0.2824
#> direct   0.2333 0.0262 20000 0.1814 0.2850
#> total    0.4782 0.0265 20000 0.4255 0.5294
```

### summary


```r
summary(unstd)
#> Monte Carlo Confidence Intervals
#>             est     se     R   2.5%  97.5%
#> cp       0.2333 0.0262 20000 0.1814 0.2850
#> b        0.5082 0.0269 20000 0.4556 0.5609
#> a        0.4820 0.0267 20000 0.4296 0.5338
#> Y~~Y     0.5462 0.0243 20000 0.4987 0.5939
#> M~~M     0.7527 0.0334 20000 0.6879 0.8195
#> X~~X     1.0590 0.0000 20000 1.0590 1.0590
#> indirect 0.2449 0.0188 20000 0.2090 0.2824
#> direct   0.2333 0.0262 20000 0.1814 0.2850
#> total    0.4782 0.0265 20000 0.4255 0.5294
```

### coef


```r
coef(unstd)
#>        cp         b         a      Y~~Y      M~~M      X~~X  indirect    direct 
#> 0.2333230 0.5081833 0.4819530 0.5461589 0.7526879 1.0589562 0.2449205 0.2333230 
#>     total 
#> 0.4782435
```

### vcov


```r
vcov(unstd)
#>                     cp             b             a          Y~~Y          M~~M
#> cp        6.852153e-04 -3.502791e-04 -9.568787e-07  4.705467e-06 -1.590310e-05
#> b        -3.502791e-04  7.209292e-04  2.600831e-06 -3.029704e-07  5.326829e-06
#> a        -9.568787e-07  2.600831e-06  7.144462e-04 -2.234180e-06 -2.366557e-06
#> Y~~Y      4.705467e-06 -3.029704e-07 -2.234180e-06  5.905470e-04  5.300351e-06
#> M~~M     -1.590310e-05  5.326829e-06 -2.366557e-06  5.300351e-06  1.118177e-03
#> X~~X      0.000000e+00  0.000000e+00  0.000000e+00  0.000000e+00  0.000000e+00
#> indirect -1.689358e-04  3.482610e-04  3.643058e-04 -1.237572e-06  1.437788e-06
#> direct    6.852153e-04 -3.502791e-04 -9.568787e-07  4.705467e-06 -1.590310e-05
#> total     5.162795e-04 -2.018050e-06  3.633489e-04  3.467895e-06 -1.446531e-05
#>          X~~X      indirect        direct         total
#> cp          0 -1.689358e-04  6.852153e-04  5.162795e-04
#> b           0  3.482610e-04 -3.502791e-04 -2.018050e-06
#> a           0  3.643058e-04 -9.568787e-07  3.633489e-04
#> Y~~Y        0 -1.237572e-06  4.705467e-06  3.467895e-06
#> M~~M        0  1.437788e-06 -1.590310e-05 -1.446531e-05
#> X~~X        0  0.000000e+00  0.000000e+00  0.000000e+00
#> indirect    0  3.532469e-04 -1.689358e-04  1.843111e-04
#> direct      0 -1.689358e-04  6.852153e-04  5.162795e-04
#> total       0  1.843111e-04  5.162795e-04  7.005906e-04
```

### confint


```r
confint(unstd, level = 0.95)
#>              2.5 %    97.5 %
#> cp       0.1814224 0.2850084
#> b        0.4556362 0.5608994
#> a        0.4296442 0.5338124
#> Y~~Y     0.4987262 0.5939153
#> M~~M     0.6878890 0.8195101
#> X~~X     1.0589562 1.0589562
#> indirect 0.2089750 0.2823855
#> direct   0.1814224 0.2850084
#> total    0.4254787 0.5294084
```

## Standardized Monte Carlo Confidence Intervals


```r
fit <- sem(data = df, model = model, fixed.x = FALSE)
unstd <- MC(fit, R = 20000L, alpha = 0.05)
```


```r
std <- MCStd(unstd, alpha = 0.05)
```

## Methods

### print


```r
print(std)
#> Standardized Monte Carlo Confidence Intervals
#>             est     se     R   2.5%  97.5%
#> cp       0.2422 0.0267 20000 0.1891 0.2934
#> b        0.5123 0.0245 20000 0.4642 0.5601
#> a        0.4963 0.0238 20000 0.4488 0.5419
#> Y~~Y     0.5558 0.0235 20000 0.5094 0.6019
#> M~~M     0.7537 0.0236 20000 0.7064 0.7985
#> X~~X     1.0000 0.0000 20000 1.0000 1.0000
#> indirect 0.2542 0.0174 20000 0.2204 0.2885
#> direct   0.2422 0.0267 20000 0.1891 0.2934
#> total    0.4964 0.0240 20000 0.4480 0.5424
```

### summary


```r
summary(std)
#> Standardized Monte Carlo Confidence Intervals
#>             est     se     R   2.5%  97.5%
#> cp       0.2422 0.0267 20000 0.1891 0.2934
#> b        0.5123 0.0245 20000 0.4642 0.5601
#> a        0.4963 0.0238 20000 0.4488 0.5419
#> Y~~Y     0.5558 0.0235 20000 0.5094 0.6019
#> M~~M     0.7537 0.0236 20000 0.7064 0.7985
#> X~~X     1.0000 0.0000 20000 1.0000 1.0000
#> indirect 0.2542 0.0174 20000 0.2204 0.2885
#> direct   0.2422 0.0267 20000 0.1891 0.2934
#> total    0.4964 0.0240 20000 0.4480 0.5424
```

### coef


```r
coef(std)
#>        cp         b         a      Y~~Y      M~~M      X~~X  indirect    direct 
#> 0.2422015 0.5122827 0.4962890 0.5557501 0.7536972 1.0000000 0.2542403 0.2422015 
#>     total 
#> 0.4964418
```

### vcov


```r
vcov(std)
#>                     cp             b             a          Y~~Y          M~~M
#> cp        7.124973e-04 -4.607024e-04  1.411436e-05 -1.270876e-04 -1.412073e-05
#> b        -4.607024e-04  5.994583e-04  1.745932e-05 -3.047111e-04 -1.725337e-05
#> a         1.411436e-05  1.745932e-05  5.646194e-04 -1.751983e-04 -5.592877e-04
#> Y~~Y     -1.270876e-04 -3.047111e-04 -1.751983e-04  5.542700e-04  1.736522e-04
#> M~~M     -1.412073e-05 -1.725337e-05 -5.592877e-04  1.736522e-04  5.546290e-04
#> X~~X      2.091486e-20 -1.081442e-21  9.780808e-21 -2.142883e-20 -1.093390e-20
#> indirect -2.213393e-04  3.061292e-04  2.976316e-04 -2.404759e-04 -2.948185e-04
#> direct    7.124973e-04 -4.607024e-04  1.411436e-05 -1.270876e-04 -1.412073e-05
#> total     4.911580e-04 -1.545731e-04  3.117460e-04 -3.675635e-04 -3.089392e-04
#>                   X~~X      indirect        direct         total
#> cp        2.091486e-20 -2.213393e-04  7.124973e-04  4.911580e-04
#> b        -1.081442e-21  3.061292e-04 -4.607024e-04 -1.545731e-04
#> a         9.780808e-21  2.976316e-04  1.411436e-05  3.117460e-04
#> Y~~Y     -2.142883e-20 -2.404759e-04 -1.270876e-04 -3.675635e-04
#> M~~M     -1.093390e-20 -2.948185e-04 -1.412073e-05 -3.089392e-04
#> X~~X      1.185261e-32  3.817675e-21  2.091486e-20  2.473253e-20
#> indirect  3.817675e-21  3.044397e-04 -2.213393e-04  8.310038e-05
#> direct    2.091486e-20 -2.213393e-04  7.124973e-04  4.911580e-04
#> total     2.473253e-20  8.310038e-05  4.911580e-04  5.742584e-04
```

### confint


```r
confint(std, level = 0.95)
#>              2.5 %    97.5 %
#> cp       0.1890594 0.2934485
#> b        0.4641517 0.5600619
#> a        0.4488473 0.5418650
#> Y~~Y     0.5094379 0.6018743
#> M~~M     0.7063823 0.7985361
#> X~~X     1.0000000 1.0000000
#> indirect 0.2204279 0.2885419
#> direct   0.1890594 0.2934485
#> total    0.4479707 0.5424499
```

# References
