---
title: "semmcci: Methods (MI)"
author: "Ivan Jacob Agaloos Pesigan"
date: "2023-07-21"
bibliography: "vignettes.bib"
csl: https://raw.githubusercontent.com/citation-style-language/styles/master/apa.csl
nocite: |
  @Pesigan-Cheung-2023
output:
  rmarkdown::html_vignette:
    toc: true
vignette: >
  %\VignetteIndexEntry{semmcci: Methods (MI)}
  %\VignetteEngine{knitr::rmarkdown}
  %\VignetteEncoding{UTF-8}
---

<!-- vignettes/methods-mc-mi.Rmd is generated from .setup/vignettes/methods-mc-mi.Rmd.orig. Please edit that file -->






```r
library(semmcci)
library(lavaan)
```

## Data




```r
summary(df)
#>        X                  M                  Y           
#>  Min.   :-3.19956   Min.   :-3.37128   Min.   :-3.61432  
#>  1st Qu.:-0.63268   1st Qu.:-0.70516   1st Qu.:-0.66921  
#>  Median : 0.02823   Median : 0.02825   Median :-0.04833  
#>  Mean   : 0.00269   Mean   :-0.01992   Mean   :-0.01538  
#>  3rd Qu.: 0.65754   3rd Qu.: 0.65240   3rd Qu.: 0.65293  
#>  Max.   : 3.47091   Max.   : 2.93497   Max.   : 3.09950  
#>  NA's   :100        NA's   :100        NA's   :100
```

## Multiple Imputation

Perform the appropriate multiple imputation approach to deal with missing values.
In this example, we impute multivariate missing data under the normal model.


```r
mi <- mice::mice(
  df,
  method = "norm",
  m = 100,
  print = FALSE,
  seed = 42
)
```

## Model Specification


```r
model <- "
  Y ~ cp * X + b * M
  M ~ a * X
  X ~~ X
  indirect := a * b
  direct := cp
  total := cp + (a * b)
"
```

## Model Fitting


```r
fit <- sem(data = df, model = model)
```

## Monte Carlo Confidence Intervals


```r
unstd <- MCMI(fit, mi = mi, R = 20000L, alpha = 0.05)
```

## Methods

### print


```r
print(unstd)
#> Monte Carlo Confidence Intervals (Multiple Imputation Estimates)
#>             est     se     R   2.5%  97.5%
#> cp       0.2328 0.0299 20000 0.1747 0.2918
#> b        0.5113 0.0302 20000 0.4523 0.5706
#> a        0.4811 0.0285 20000 0.4263 0.5369
#> X~~X     1.0617 0.0490 20000 0.9648 1.1569
#> Y~~Y     0.5533 0.0269 20000 0.5011 0.6068
#> M~~M     0.7568 0.0366 20000 0.6831 0.8280
#> indirect 0.2460 0.0202 20000 0.2079 0.2874
#> direct   0.2328 0.0299 20000 0.1747 0.2918
#> total    0.4788 0.0286 20000 0.4235 0.5355
```

### summary


```r
summary(unstd)
#> Monte Carlo Confidence Intervals (Multiple Imputation Estimates)
#>             est     se     R   2.5%  97.5%
#> cp       0.2328 0.0299 20000 0.1747 0.2918
#> b        0.5113 0.0302 20000 0.4523 0.5706
#> a        0.4811 0.0285 20000 0.4263 0.5369
#> X~~X     1.0617 0.0490 20000 0.9648 1.1569
#> Y~~Y     0.5533 0.0269 20000 0.5011 0.6068
#> M~~M     0.7568 0.0366 20000 0.6831 0.8280
#> indirect 0.2460 0.0202 20000 0.2079 0.2874
#> direct   0.2328 0.0299 20000 0.1747 0.2918
#> total    0.4788 0.0286 20000 0.4235 0.5355
```

### coef


```r
coef(unstd)
#>        cp         b         a      X~~X      Y~~Y      M~~M  indirect    direct 
#> 0.2328242 0.5113353 0.4810732 1.0617011 0.5533052 0.7567771 0.2459664 0.2328242 
#>     total 
#> 0.4787907
```

### vcov


```r
vcov(unstd)
#>                     cp             b             a          X~~X          Y~~Y
#> cp        8.963114e-04 -4.852208e-04 -2.001821e-05  3.426401e-06 -1.407610e-05
#> b        -4.852208e-04  9.130391e-04 -3.295728e-05 -1.300458e-05 -3.265481e-05
#> a        -2.001821e-05 -3.295728e-05  8.111148e-04 -7.734781e-06  2.237429e-05
#> X~~X      3.426401e-06 -1.300458e-05 -7.734781e-06  2.401553e-03 -1.867459e-05
#> Y~~Y     -1.407610e-05 -3.265481e-05  2.237429e-05 -1.867459e-05  7.241474e-04
#> M~~M     -5.562326e-07 -4.674584e-06 -6.246179e-05 -1.952017e-05 -1.227748e-05
#> indirect -2.435757e-04  4.229141e-04  3.987888e-04 -1.056566e-05 -4.188813e-06
#> direct    8.963114e-04 -4.852208e-04 -2.001821e-05  3.426401e-06 -1.407610e-05
#> total     6.527358e-04 -6.230668e-05  3.787706e-04 -7.139258e-06 -1.826491e-05
#>                   M~~M      indirect        direct         total
#> cp       -5.562326e-07 -2.435757e-04  8.963114e-04  6.527358e-04
#> b        -4.674584e-06  4.229141e-04 -4.852208e-04 -6.230668e-05
#> a        -6.246179e-05  3.987888e-04 -2.001821e-05  3.787706e-04
#> X~~X     -1.952017e-05 -1.056566e-05  3.426401e-06 -7.139258e-06
#> Y~~Y     -1.227748e-05 -4.188813e-06 -1.407610e-05 -1.826491e-05
#> M~~M      1.342250e-03 -3.401318e-05 -5.562326e-07 -3.456941e-05
#> indirect -3.401318e-05  4.083133e-04 -2.435757e-04  1.647376e-04
#> direct   -5.562326e-07 -2.435757e-04  8.963114e-04  6.527358e-04
#> total    -3.456941e-05  1.647376e-04  6.527358e-04  8.174734e-04
```

### confint


```r
confint(unstd, level = 0.95)
#>              2.5 %    97.5 %
#> cp       0.1747257 0.2918165
#> b        0.4523106 0.5705529
#> a        0.4262518 0.5369179
#> X~~X     0.9647605 1.1568939
#> Y~~Y     0.5010511 0.6068108
#> M~~M     0.6831080 0.8280199
#> indirect 0.2078505 0.2874288
#> direct   0.1747257 0.2918165
#> total    0.4234822 0.5355489
```

## Standardized Monte Carlo Confidence Intervals


```r
fit <- sem(data = df, model = model, fixed.x = FALSE)
unstd <- MCMI(fit, mi = mi, R = 20000L, alpha = 0.05)
```


```r
std <- MCStd(unstd, alpha = 0.05)
```

## Methods

### print


```r
print(std)
#> Standardized Monte Carlo Confidence Intervals
#>             est     se     R   2.5%  97.5%
#> cp       0.2450 0.0305 20000 0.1810 0.2999
#> b        0.5189 0.0274 20000 0.4583 0.5658
#> a        0.5031 0.0260 20000 0.4430 0.5450
#> X~~X     1.0000 0.0000 20000 1.0000 1.0000
#> Y~~Y     0.5429 0.0253 20000 0.5066 0.6057
#> M~~M     0.7469 0.0257 20000 0.7030 0.8038
#> indirect 0.2610 0.0190 20000 0.2170 0.2917
#> direct   0.2450 0.0305 20000 0.1810 0.2999
#> total    0.5060 0.0262 20000 0.4417 0.5446
```

### summary


```r
summary(std)
#> Standardized Monte Carlo Confidence Intervals
#>             est     se     R   2.5%  97.5%
#> cp       0.2450 0.0305 20000 0.1810 0.2999
#> b        0.5189 0.0274 20000 0.4583 0.5658
#> a        0.5031 0.0260 20000 0.4430 0.5450
#> X~~X     1.0000 0.0000 20000 1.0000 1.0000
#> Y~~Y     0.5429 0.0253 20000 0.5066 0.6057
#> M~~M     0.7469 0.0257 20000 0.7030 0.8038
#> indirect 0.2610 0.0190 20000 0.2170 0.2917
#> direct   0.2450 0.0305 20000 0.1810 0.2999
#> total    0.5060 0.0262 20000 0.4417 0.5446
```

### coef


```r
coef(std)
#>        cp         b         a      X~~X      Y~~Y      M~~M  indirect    direct 
#> 0.2449797 0.5188628 0.5030687 1.0000000 0.5428754 0.7469219 0.2610236 0.2449797 
#>     total 
#> 0.5060033
```

### vcov


```r
vcov(std)
#>                     cp             b             a          X~~X          Y~~Y
#> cp        9.288075e-04 -6.005386e-04 -7.272436e-06 -1.516632e-20 -1.572579e-04
#> b        -6.005386e-04  7.507198e-04 -5.639188e-06  3.075704e-20 -3.523829e-04
#> a        -7.272436e-06 -5.639188e-06  6.760276e-04  8.723925e-21 -1.513656e-04
#> X~~X     -1.516632e-20  3.075704e-20  8.723925e-21  1.205600e-32 -2.670228e-20
#> Y~~Y     -1.572579e-04 -3.523829e-04 -1.513656e-04 -2.670228e-20  6.377427e-04
#> M~~M      7.353796e-06  5.437033e-06 -6.675959e-04 -9.975663e-21  1.494560e-04
#> indirect -3.010035e-04  3.685721e-04  3.441502e-04  1.955236e-20 -2.517696e-04
#> direct    9.288075e-04 -6.005386e-04 -7.272436e-06 -1.516632e-20 -1.572579e-04
#> total     6.278040e-04 -2.319665e-04  3.368778e-04  4.386042e-21 -4.090275e-04
#>                   M~~M      indirect        direct         total
#> cp        7.353796e-06 -3.010035e-04  9.288075e-04  6.278040e-04
#> b         5.437033e-06  3.685721e-04 -6.005386e-04 -2.319665e-04
#> a        -6.675959e-04  3.441502e-04 -7.272436e-06  3.368778e-04
#> X~~X     -9.975663e-21  1.955236e-20 -1.516632e-20  4.386042e-21
#> Y~~Y      1.494560e-04 -2.517696e-04 -1.572579e-04 -4.090275e-04
#> M~~M      6.601911e-04 -3.399325e-04  7.353796e-06 -3.325787e-04
#> indirect -3.399325e-04  3.595055e-04 -3.010035e-04  5.850199e-05
#> direct    7.353796e-06 -3.010035e-04  9.288075e-04  6.278040e-04
#> total    -3.325787e-04  5.850199e-05  6.278040e-04  6.863060e-04
```

### confint


```r
confint(std, level = 0.95)
#>              2.5 %    97.5 %
#> cp       0.1809584 0.2999057
#> b        0.4583155 0.5657577
#> a        0.4429706 0.5449646
#> X~~X     1.0000000 1.0000000
#> Y~~Y     0.5065985 0.6057389
#> M~~M     0.7030135 0.8037770
#> indirect 0.2170430 0.2916808
#> direct   0.1809584 0.2999057
#> total    0.4416931 0.5446192
```

## References
