---
title: "semmcci: Methods (MI)"
author: "Ivan Jacob Agaloos Pesigan"
date: "2023-08-19"
bibliography: "vignettes.bib"
csl: https://raw.githubusercontent.com/citation-style-language/styles/master/apa.csl
nocite: |
  @Pesigan-Cheung-2023
output:
  rmarkdown::html_vignette:
    toc: true
vignette: >
  %\VignetteIndexEntry{semmcci: Methods (MI)}
  %\VignetteEngine{knitr::rmarkdown}
  %\VignetteEncoding{UTF-8}
---

<!-- vignettes/methods-mc-mi.Rmd is generated from .setup/vignettes/methods-mc-mi.Rmd.orig. Please edit that file -->






```r
library(semmcci)
library(lavaan)
```

## Data




```r
summary(df)
#>        X                  M                  Y           
#>  Min.   :-3.19956   Min.   :-3.37128   Min.   :-3.61432  
#>  1st Qu.:-0.63268   1st Qu.:-0.70516   1st Qu.:-0.66921  
#>  Median : 0.02823   Median : 0.02825   Median :-0.04833  
#>  Mean   : 0.00269   Mean   :-0.01992   Mean   :-0.01538  
#>  3rd Qu.: 0.65754   3rd Qu.: 0.65240   3rd Qu.: 0.65293  
#>  Max.   : 3.47091   Max.   : 2.93497   Max.   : 3.09950  
#>  NA's   :100        NA's   :100        NA's   :100
```

## Multiple Imputation

Perform the appropriate multiple imputation approach to deal with missing values.
In this example, we impute multivariate missing data under the normal model.


```r
mi <- mice::mice(
  df,
  method = "norm",
  m = 100,
  print = FALSE,
  seed = 42
)
```

## Model Specification


```r
model <- "
  Y ~ cp * X + b * M
  M ~ a * X
  X ~~ X
  indirect := a * b
  direct := cp
  total := cp + (a * b)
"
```

## Model Fitting


```r
fit <- sem(data = df, model = model)
```

## Monte Carlo Confidence Intervals


```r
unstd <- MCMI(fit, mi = mi, R = 20000L, alpha = 0.05)
```

## Methods

### print


```r
print(unstd)
#> Monte Carlo Confidence Intervals (Multiple Imputation Estimates)
#>             est     se     R   2.5%  97.5%
#> cp       0.2328 0.0298 20000 0.1748 0.2913
#> b        0.5113 0.0298 20000 0.4527 0.5703
#> a        0.4811 0.0289 20000 0.4254 0.5384
#> X~~X     1.0617 0.0491 20000 0.9655 1.1582
#> Y~~Y     0.5533 0.0269 20000 0.5004 0.6054
#> M~~M     0.7568 0.0362 20000 0.6859 0.8275
#> indirect 0.2460 0.0203 20000 0.2078 0.2871
#> direct   0.2328 0.0298 20000 0.1748 0.2913
#> total    0.4788 0.0288 20000 0.4230 0.5360
```

### summary


```r
summary(unstd)
#> Monte Carlo Confidence Intervals (Multiple Imputation Estimates)
#>             est     se     R   2.5%  97.5%
#> cp       0.2328 0.0298 20000 0.1748 0.2913
#> b        0.5113 0.0298 20000 0.4527 0.5703
#> a        0.4811 0.0289 20000 0.4254 0.5384
#> X~~X     1.0617 0.0491 20000 0.9655 1.1582
#> Y~~Y     0.5533 0.0269 20000 0.5004 0.6054
#> M~~M     0.7568 0.0362 20000 0.6859 0.8275
#> indirect 0.2460 0.0203 20000 0.2078 0.2871
#> direct   0.2328 0.0298 20000 0.1748 0.2913
#> total    0.4788 0.0288 20000 0.4230 0.5360
```

### coef


```r
coef(unstd)
#>        cp         b         a      X~~X      Y~~Y      M~~M  indirect    direct 
#> 0.2328242 0.5113353 0.4810732 1.0617011 0.5533052 0.7567771 0.2459664 0.2328242 
#>     total 
#> 0.4787907
```

### vcov


```r
vcov(unstd)
#>                     cp             b             a          X~~X          Y~~Y
#> cp        8.867099e-04 -4.635294e-04 -2.232268e-05  7.066574e-06 -7.870494e-06
#> b        -4.635294e-04  8.894322e-04 -2.639779e-05 -9.712317e-06 -3.261177e-05
#> a        -2.232268e-05 -2.639779e-05  8.323859e-04 -2.773170e-05  2.211826e-05
#> X~~X      7.066574e-06 -9.712317e-06 -2.773170e-05  2.414592e-03 -2.895444e-05
#> Y~~Y     -7.870494e-06 -3.261177e-05  2.211826e-05 -2.895444e-05  7.213300e-04
#> M~~M     -6.858749e-06  8.449145e-06 -6.057807e-05 -4.383629e-06 -8.208465e-06
#> indirect -2.346137e-04  4.147278e-04  4.127876e-04 -1.871728e-05 -4.582343e-06
#> direct    8.867099e-04 -4.635294e-04 -2.232268e-05  7.066574e-06 -7.870494e-06
#> total     6.520962e-04 -4.880159e-05  3.904649e-04 -1.165071e-05 -1.245284e-05
#>                   M~~M      indirect        direct         total
#> cp       -6.858749e-06 -2.346137e-04  8.867099e-04  6.520962e-04
#> b         8.449145e-06  4.147278e-04 -4.635294e-04 -4.880159e-05
#> a        -6.057807e-05  4.127876e-04 -2.232268e-05  3.904649e-04
#> X~~X     -4.383629e-06 -1.871728e-05  7.066574e-06 -1.165071e-05
#> Y~~Y     -8.208465e-06 -4.582343e-06 -7.870494e-06 -1.245284e-05
#> M~~M      1.310583e-03 -2.703417e-05 -6.858749e-06 -3.389292e-05
#> indirect -2.703417e-05  4.114047e-04 -2.346137e-04  1.767910e-04
#> direct   -6.858749e-06 -2.346137e-04  8.867099e-04  6.520962e-04
#> total    -3.389292e-05  1.767910e-04  6.520962e-04  8.288872e-04
```

### confint


```r
confint(unstd, level = 0.95)
#>              2.5 %    97.5 %
#> cp       0.1747607 0.2912527
#> b        0.4526759 0.5702819
#> a        0.4254160 0.5384172
#> X~~X     0.9655357 1.1581512
#> Y~~Y     0.5003986 0.6054050
#> M~~M     0.6859011 0.8274642
#> indirect 0.2077552 0.2871440
#> direct   0.1747607 0.2912527
#> total    0.4230176 0.5360084
```

## Standardized Monte Carlo Confidence Intervals


```r
fit <- sem(data = df, model = model, fixed.x = FALSE)
unstd <- MCMI(fit, mi = mi, R = 20000L, alpha = 0.05)
```


```r
std <- MCStd(unstd, alpha = 0.05)
```

## Methods

### print


```r
print(std)
#> Standardized Monte Carlo Confidence Intervals
#>             est     se     R   2.5%  97.5%
#> cp       0.2450 0.0303 20000 0.1813 0.3004
#> b        0.5189 0.0273 20000 0.4592 0.5657
#> a        0.5031 0.0260 20000 0.4424 0.5449
#> X~~X     1.0000 0.0000 20000 1.0000 1.0000
#> Y~~Y     0.5429 0.0250 20000 0.5066 0.6048
#> M~~M     0.7469 0.0256 20000 0.7031 0.8043
#> indirect 0.2610 0.0188 20000 0.2175 0.2910
#> direct   0.2450 0.0303 20000 0.1813 0.3004
#> total    0.5060 0.0261 20000 0.4424 0.5444
```

### summary


```r
summary(std)
#> Standardized Monte Carlo Confidence Intervals
#>             est     se     R   2.5%  97.5%
#> cp       0.2450 0.0303 20000 0.1813 0.3004
#> b        0.5189 0.0273 20000 0.4592 0.5657
#> a        0.5031 0.0260 20000 0.4424 0.5449
#> X~~X     1.0000 0.0000 20000 1.0000 1.0000
#> Y~~Y     0.5429 0.0250 20000 0.5066 0.6048
#> M~~M     0.7469 0.0256 20000 0.7031 0.8043
#> indirect 0.2610 0.0188 20000 0.2175 0.2910
#> direct   0.2450 0.0303 20000 0.1813 0.3004
#> total    0.5060 0.0261 20000 0.4424 0.5444
```

### coef


```r
coef(std)
#>        cp         b         a      X~~X      Y~~Y      M~~M  indirect    direct 
#> 0.2449797 0.5188628 0.5030687 1.0000000 0.5428754 0.7469219 0.2610236 0.2449797 
#>     total 
#> 0.5060033
```

### vcov


```r
vcov(std)
#>                     cp             b             a          X~~X          Y~~Y
#> cp        9.201428e-04 -5.973078e-04 -5.019154e-06 -4.660977e-20 -1.533197e-04
#> b        -5.973078e-04  7.442870e-04 -1.035156e-05  3.852424e-20 -3.468176e-04
#> a        -5.019154e-06 -1.035156e-05  6.738240e-04 -4.055446e-20 -1.473537e-04
#> X~~X     -4.660977e-20  3.852424e-20 -4.055446e-20  1.192041e-32  7.981458e-21
#> Y~~Y     -1.533197e-04 -3.468176e-04 -1.473537e-04  7.981458e-21  6.265350e-04
#> M~~M      4.962782e-06  1.010430e-05 -6.649687e-04  3.945694e-20  1.455170e-04
#> indirect -2.979236e-04  3.627368e-04  3.407717e-04 -2.054313e-21 -2.469882e-04
#> direct    9.201428e-04 -5.973078e-04 -5.019154e-06 -4.660977e-20 -1.533197e-04
#> total     6.222192e-04 -2.345709e-04  3.357526e-04 -4.866408e-20 -4.003079e-04
#>                   M~~M      indirect        direct         total
#> cp        4.962782e-06 -2.979236e-04  9.201428e-04  6.222192e-04
#> b         1.010430e-05  3.627368e-04 -5.973078e-04 -2.345709e-04
#> a        -6.649687e-04  3.407717e-04 -5.019154e-06  3.357526e-04
#> X~~X      3.945694e-20 -2.054313e-21 -4.660977e-20 -4.866408e-20
#> Y~~Y      1.455170e-04 -2.469882e-04 -1.533197e-04 -4.003079e-04
#> M~~M      6.571536e-04 -3.363444e-04  4.962782e-06 -3.313816e-04
#> indirect -3.363444e-04  3.547925e-04 -2.979236e-04  5.686885e-05
#> direct    4.962782e-06 -2.979236e-04  9.201428e-04  6.222192e-04
#> total    -3.313816e-04  5.686885e-05  6.222192e-04  6.790880e-04
```

### confint


```r
confint(std, level = 0.95)
#>              2.5 %    97.5 %
#> cp       0.1812838 0.3004048
#> b        0.4591637 0.5657161
#> a        0.4423647 0.5448532
#> X~~X     1.0000000 1.0000000
#> Y~~Y     0.5066387 0.6048042
#> M~~M     0.7031350 0.8043135
#> indirect 0.2174505 0.2910483
#> direct   0.1812838 0.3004048
#> total    0.4424114 0.5444340
```

## References
