---
title: "semmcci: Methods (MC)"
author: "Ivan Jacob Agaloos Pesigan"
date: "2023-08-08"
bibliography: "vignettes.bib"
csl: https://raw.githubusercontent.com/citation-style-language/styles/master/apa.csl
nocite: |
  @Pesigan-Cheung-2023
output:
  rmarkdown::html_vignette:
    toc: true
vignette: >
  %\VignetteIndexEntry{semmcci: Methods (MC)}
  %\VignetteEngine{knitr::rmarkdown}
  %\VignetteEncoding{UTF-8}
---

<!-- vignettes/methods-mc.Rmd is generated from .setup/vignettes/methods-mc.Rmd.orig. Please edit that file -->






```r
library(semmcci)
library(lavaan)
```

## Data




```r
summary(df)
#>        X                   M                   Y           
#>  Min.   :-3.199558   Min.   :-3.371276   Min.   :-3.61432  
#>  1st Qu.:-0.636035   1st Qu.:-0.692640   1st Qu.:-0.66146  
#>  Median : 0.011377   Median : 0.007125   Median :-0.04726  
#>  Mean   :-0.003207   Mean   :-0.023968   Mean   :-0.01677  
#>  3rd Qu.: 0.651951   3rd Qu.: 0.647363   3rd Qu.: 0.62640  
#>  Max.   : 3.470910   Max.   : 2.963216   Max.   : 3.09950
colMeans(df)
#>            X            M            Y 
#> -0.003206987 -0.023968103 -0.016774294
var(df)
#>           X         M         Y
#> X 1.0600162 0.5108780 0.5069458
#> M 0.5108780 0.9996606 0.6272104
#> Y 0.5069458 0.6272104 0.9837255
```

## Model Specification


```r
model <- "
  Y ~ cp * X + b * M
  M ~ a * X
  indirect := a * b
  direct := cp
  total := cp + (a * b)
"
```

## Model Fitting


```r
fit <- sem(data = df, model = model)
```

## Monte Carlo Confidence Intervals


```r
unstd <- MC(fit, R = 20000L, alpha = 0.05)
```

## Methods

### print


```r
print(unstd)
#> Monte Carlo Confidence Intervals
#>             est     se     R   2.5%  97.5%
#> cp       0.2333 0.0261 20000 0.1821 0.2844
#> b        0.5082 0.0271 20000 0.4545 0.5613
#> a        0.4820 0.0266 20000 0.4297 0.5341
#> Y~~Y     0.5462 0.0245 20000 0.4989 0.5946
#> M~~M     0.7527 0.0339 20000 0.6848 0.8179
#> X~~X     1.0590 0.0000 20000 1.0590 1.0590
#> indirect 0.2449 0.0188 20000 0.2085 0.2828
#> direct   0.2333 0.0261 20000 0.1821 0.2844
#> total    0.4782 0.0263 20000 0.4270 0.5303
```

### summary


```r
summary(unstd)
#> Monte Carlo Confidence Intervals
#>             est     se     R   2.5%  97.5%
#> cp       0.2333 0.0261 20000 0.1821 0.2844
#> b        0.5082 0.0271 20000 0.4545 0.5613
#> a        0.4820 0.0266 20000 0.4297 0.5341
#> Y~~Y     0.5462 0.0245 20000 0.4989 0.5946
#> M~~M     0.7527 0.0339 20000 0.6848 0.8179
#> X~~X     1.0590 0.0000 20000 1.0590 1.0590
#> indirect 0.2449 0.0188 20000 0.2085 0.2828
#> direct   0.2333 0.0261 20000 0.1821 0.2844
#> total    0.4782 0.0263 20000 0.4270 0.5303
```

### coef


```r
coef(unstd)
#>        cp         b         a      Y~~Y      M~~M      X~~X  indirect    direct 
#> 0.2333230 0.5081833 0.4819530 0.5461589 0.7526879 1.0589562 0.2449205 0.2333230 
#>     total 
#> 0.4782435
```

### vcov


```r
vcov(unstd)
#>                     cp             b             a          Y~~Y          M~~M
#> cp        6.794387e-04 -3.535206e-04 -2.360885e-06 -6.020139e-07  1.557185e-06
#> b        -3.535206e-04  7.335282e-04  5.992877e-07 -1.481191e-06  1.603625e-06
#> a        -2.360885e-06  5.992877e-07  7.079137e-04 -4.066349e-06 -8.082677e-06
#> Y~~Y     -6.020139e-07 -1.481191e-06 -4.066349e-06  6.009210e-04 -6.351888e-06
#> M~~M      1.557185e-06  1.603625e-06 -8.082677e-06 -6.351888e-06  1.146172e-03
#> X~~X      0.000000e+00  0.000000e+00  0.000000e+00  0.000000e+00  0.000000e+00
#> indirect -1.712711e-04  3.533769e-04  3.599083e-04 -2.748105e-06 -3.055264e-06
#> direct    6.794387e-04 -3.535206e-04 -2.360885e-06 -6.020139e-07  1.557185e-06
#> total     5.081676e-04 -1.436643e-07  3.575474e-04 -3.350119e-06 -1.498079e-06
#>          X~~X      indirect        direct         total
#> cp          0 -1.712711e-04  6.794387e-04  5.081676e-04
#> b           0  3.533769e-04 -3.535206e-04 -1.436643e-07
#> a           0  3.599083e-04 -2.360885e-06  3.575474e-04
#> Y~~Y        0 -2.748105e-06 -6.020139e-07 -3.350119e-06
#> M~~M        0 -3.055264e-06  1.557185e-06 -1.498079e-06
#> X~~X        0  0.000000e+00  0.000000e+00  0.000000e+00
#> indirect    0  3.534500e-04 -1.712711e-04  1.821789e-04
#> direct      0 -1.712711e-04  6.794387e-04  5.081676e-04
#> total       0  1.821789e-04  5.081676e-04  6.903466e-04
```

### confint


```r
confint(unstd, level = 0.95)
#>              2.5 %    97.5 %
#> cp       0.1821009 0.2844149
#> b        0.4545173 0.5612571
#> a        0.4297280 0.5341494
#> Y~~Y     0.4988619 0.5946498
#> M~~M     0.6848333 0.8179039
#> X~~X     1.0589562 1.0589562
#> indirect 0.2084972 0.2827945
#> direct   0.1821009 0.2844149
#> total    0.4270461 0.5302549
```

## Standardized Monte Carlo Confidence Intervals


```r
fit <- sem(data = df, model = model, fixed.x = FALSE)
unstd <- MC(fit, R = 20000L, alpha = 0.05)
```


```r
std <- MCStd(unstd, alpha = 0.05)
```

## Methods

### print


```r
print(std)
#> Standardized Monte Carlo Confidence Intervals
#>             est     se     R   2.5%  97.5%
#> cp       0.2422 0.0266 20000 0.1897 0.2939
#> b        0.5123 0.0246 20000 0.4640 0.5596
#> a        0.4963 0.0237 20000 0.4483 0.5409
#> Y~~Y     0.5558 0.0234 20000 0.5097 0.6017
#> M~~M     0.7537 0.0235 20000 0.7074 0.7991
#> X~~X     1.0000 0.0000 20000 1.0000 1.0000
#> indirect 0.2542 0.0175 20000 0.2197 0.2881
#> direct   0.2422 0.0266 20000 0.1897 0.2939
#> total    0.4964 0.0236 20000 0.4484 0.5413
```

### summary


```r
summary(std)
#> Standardized Monte Carlo Confidence Intervals
#>             est     se     R   2.5%  97.5%
#> cp       0.2422 0.0266 20000 0.1897 0.2939
#> b        0.5123 0.0246 20000 0.4640 0.5596
#> a        0.4963 0.0237 20000 0.4483 0.5409
#> Y~~Y     0.5558 0.0234 20000 0.5097 0.6017
#> M~~M     0.7537 0.0235 20000 0.7074 0.7991
#> X~~X     1.0000 0.0000 20000 1.0000 1.0000
#> indirect 0.2542 0.0175 20000 0.2197 0.2881
#> direct   0.2422 0.0266 20000 0.1897 0.2939
#> total    0.4964 0.0236 20000 0.4484 0.5413
```

### coef


```r
coef(std)
#>        cp         b         a      Y~~Y      M~~M      X~~X  indirect    direct 
#> 0.2422015 0.5122827 0.4962890 0.5557501 0.7536972 1.0000000 0.2542403 0.2422015 
#>     total 
#> 0.4964418
```

### vcov


```r
vcov(std)
#>                     cp             b             a          Y~~Y          M~~M
#> cp        7.057190e-04 -4.612544e-04  1.315697e-06 -1.167333e-04 -1.230239e-06
#> b        -4.612544e-04  6.028897e-04  2.300437e-05 -3.099691e-04 -2.267495e-05
#> a         1.315697e-06  2.300437e-05  5.640018e-04 -1.693743e-04 -5.581675e-04
#> Y~~Y     -1.167333e-04 -3.099691e-04 -1.693743e-04  5.495376e-04  1.674590e-04
#> M~~M     -1.230239e-06 -2.267495e-05 -5.581675e-04  1.674590e-04  5.530133e-04
#> X~~X      3.508938e-20  7.134938e-21 -1.856808e-20 -3.953717e-20  1.885691e-20
#> indirect -2.278640e-04  3.104586e-04  3.000479e-04 -2.401366e-04 -2.969231e-04
#> direct    7.057190e-04 -4.612544e-04  1.315697e-06 -1.167333e-04 -1.230239e-06
#> total     4.778550e-04 -1.507958e-04  3.013636e-04 -3.568698e-04 -2.981533e-04
#>                   X~~X      indirect        direct         total
#> cp        3.508938e-20 -2.278640e-04  7.057190e-04  4.778550e-04
#> b         7.134938e-21  3.104586e-04 -4.612544e-04 -1.507958e-04
#> a        -1.856808e-20  3.000479e-04  1.315697e-06  3.013636e-04
#> Y~~Y     -3.953717e-20 -2.401366e-04 -1.167333e-04 -3.568698e-04
#> M~~M      1.885691e-20 -2.969231e-04 -1.230239e-06 -2.981533e-04
#> X~~X      1.179653e-32 -5.801558e-21  3.508938e-20  2.928782e-20
#> indirect -5.801558e-21  3.077177e-04 -2.278640e-04  7.985369e-05
#> direct    3.508938e-20 -2.278640e-04  7.057190e-04  4.778550e-04
#> total     2.928782e-20  7.985369e-05  4.778550e-04  5.577087e-04
```

### confint


```r
confint(std, level = 0.95)
#>              2.5 %    97.5 %
#> cp       0.1896681 0.2938544
#> b        0.4639920 0.5595600
#> a        0.4482657 0.5409423
#> Y~~Y     0.5096932 0.6016718
#> M~~M     0.7073814 0.7990579
#> X~~X     1.0000000 1.0000000
#> indirect 0.2197441 0.2880944
#> direct   0.1896681 0.2938544
#> total    0.4483979 0.5413177
```

# References
