---
title: "semmcci: Methods (MI)"
author: "Ivan Jacob Agaloos Pesigan"
date: "2023-08-19"
bibliography: "vignettes.bib"
csl: https://raw.githubusercontent.com/citation-style-language/styles/master/apa.csl
nocite: |
  @Pesigan-Cheung-2023
output:
  rmarkdown::html_vignette:
    toc: true
vignette: >
  %\VignetteIndexEntry{semmcci: Methods (MI)}
  %\VignetteEngine{knitr::rmarkdown}
  %\VignetteEncoding{UTF-8}
---

<!-- vignettes/methods-mc-mi.Rmd is generated from .setup/vignettes/methods-mc-mi.Rmd.orig. Please edit that file -->






```r
library(semmcci)
library(lavaan)
```

## Data




```r
summary(df)
#>        X                  M                  Y           
#>  Min.   :-3.19956   Min.   :-3.37128   Min.   :-3.61432  
#>  1st Qu.:-0.63268   1st Qu.:-0.70516   1st Qu.:-0.66921  
#>  Median : 0.02823   Median : 0.02825   Median :-0.04833  
#>  Mean   : 0.00269   Mean   :-0.01992   Mean   :-0.01538  
#>  3rd Qu.: 0.65754   3rd Qu.: 0.65240   3rd Qu.: 0.65293  
#>  Max.   : 3.47091   Max.   : 2.93497   Max.   : 3.09950  
#>  NA's   :100        NA's   :100        NA's   :100
```

## Multiple Imputation

Perform the appropriate multiple imputation approach to deal with missing values.
In this example, we impute multivariate missing data under the normal model.


```r
mi <- mice::mice(
  df,
  method = "norm",
  m = 100,
  print = FALSE,
  seed = 42
)
```

## Model Specification


```r
model <- "
  Y ~ cp * X + b * M
  M ~ a * X
  X ~~ X
  indirect := a * b
  direct := cp
  total := cp + (a * b)
"
```

## Model Fitting


```r
fit <- sem(data = df, model = model)
```

## Monte Carlo Confidence Intervals


```r
unstd <- MCMI(fit, mi = mi, R = 20000L, alpha = 0.05)
```

## Methods

### print


```r
print(unstd)
#> Monte Carlo Confidence Intervals (Multiple Imputation Estimates)
#>             est     se     R   2.5%  97.5%
#> cp       0.2328 0.0297 20000 0.1749 0.2915
#> b        0.5113 0.0299 20000 0.4530 0.5694
#> a        0.4811 0.0289 20000 0.4233 0.5373
#> X~~X     1.0617 0.0493 20000 0.9642 1.1580
#> Y~~Y     0.5533 0.0268 20000 0.5003 0.6051
#> M~~M     0.7568 0.0362 20000 0.6857 0.8279
#> indirect 0.2460 0.0204 20000 0.2073 0.2872
#> direct   0.2328 0.0297 20000 0.1749 0.2915
#> total    0.4788 0.0283 20000 0.4233 0.5337
```

### summary


```r
summary(unstd)
#> Monte Carlo Confidence Intervals (Multiple Imputation Estimates)
#>             est     se     R   2.5%  97.5%
#> cp       0.2328 0.0297 20000 0.1749 0.2915
#> b        0.5113 0.0299 20000 0.4530 0.5694
#> a        0.4811 0.0289 20000 0.4233 0.5373
#> X~~X     1.0617 0.0493 20000 0.9642 1.1580
#> Y~~Y     0.5533 0.0268 20000 0.5003 0.6051
#> M~~M     0.7568 0.0362 20000 0.6857 0.8279
#> indirect 0.2460 0.0204 20000 0.2073 0.2872
#> direct   0.2328 0.0297 20000 0.1749 0.2915
#> total    0.4788 0.0283 20000 0.4233 0.5337
```

### coef


```r
coef(unstd)
#>        cp         b         a      X~~X      Y~~Y      M~~M  indirect    direct 
#> 0.2328242 0.5113353 0.4810732 1.0617011 0.5533052 0.7567771 0.2459664 0.2328242 
#>     total 
#> 0.4787907
```

### vcov


```r
vcov(unstd)
#>                     cp             b             a          X~~X          Y~~Y
#> cp        8.795936e-04 -4.738149e-04 -3.892559e-05  1.238204e-05 -4.564175e-06
#> b        -4.738149e-04  8.960586e-04 -1.908575e-05 -8.732209e-07 -3.743668e-05
#> a        -3.892559e-05 -1.908575e-05  8.359820e-04 -1.075578e-05  2.144981e-05
#> X~~X      1.238204e-05 -8.732209e-07 -1.075578e-05  2.428018e-03 -1.271253e-05
#> Y~~Y     -4.564175e-06 -3.743668e-05  2.144981e-05 -1.271253e-05  7.188148e-04
#> M~~M     -1.642771e-05  1.836494e-05 -7.219247e-05 -2.321606e-05 -5.618930e-07
#> indirect -2.477469e-04  4.208285e-04  4.183598e-04 -6.050674e-06 -7.056678e-06
#> direct    8.795936e-04 -4.738149e-04 -3.892559e-05  1.238204e-05 -4.564175e-06
#> total     6.318467e-04 -5.298642e-05  3.794342e-04  6.331367e-06 -1.162085e-05
#>                   M~~M      indirect        direct         total
#> cp       -1.642771e-05 -2.477469e-04  8.795936e-04  6.318467e-04
#> b         1.836494e-05  4.208285e-04 -4.738149e-04 -5.298642e-05
#> a        -7.219247e-05  4.183598e-04 -3.892559e-05  3.794342e-04
#> X~~X     -2.321606e-05 -6.050674e-06  1.238204e-05  6.331367e-06
#> Y~~Y     -5.618930e-07 -7.056678e-06 -4.564175e-06 -1.162085e-05
#> M~~M      1.312275e-03 -2.814208e-05 -1.642771e-05 -4.456979e-05
#> indirect -2.814208e-05  4.169254e-04 -2.477469e-04  1.691785e-04
#> direct   -1.642771e-05 -2.477469e-04  8.795936e-04  6.318467e-04
#> total    -4.456979e-05  1.691785e-04  6.318467e-04  8.010252e-04
```

### confint


```r
confint(unstd, level = 0.95)
#>              2.5 %    97.5 %
#> cp       0.1748886 0.2915328
#> b        0.4530083 0.5693683
#> a        0.4233290 0.5372857
#> X~~X     0.9642308 1.1580338
#> Y~~Y     0.5003019 0.6051388
#> M~~M     0.6857383 0.8279407
#> indirect 0.2072515 0.2871624
#> direct   0.1748886 0.2915328
#> total    0.4233469 0.5337212
```

## Standardized Monte Carlo Confidence Intervals


```r
fit <- sem(data = df, model = model, fixed.x = FALSE)
unstd <- MCMI(fit, mi = mi, R = 20000L, alpha = 0.05)
```


```r
std <- MCStd(unstd, alpha = 0.05)
```

## Methods

### print


```r
print(std)
#> Standardized Monte Carlo Confidence Intervals
#>             est     se     R   2.5%  97.5%
#> cp       0.2450 0.0306 20000 0.1799 0.2990
#> b        0.5189 0.0275 20000 0.4581 0.5666
#> a        0.5031 0.0260 20000 0.4428 0.5441
#> X~~X     1.0000 0.0000 20000 1.0000 1.0000
#> Y~~Y     0.5429 0.0250 20000 0.5068 0.6050
#> M~~M     0.7469 0.0257 20000 0.7039 0.8039
#> indirect 0.2610 0.0190 20000 0.2171 0.2918
#> direct   0.2450 0.0306 20000 0.1799 0.2990
#> total    0.5060 0.0261 20000 0.4419 0.5446
```

### summary


```r
summary(std)
#> Standardized Monte Carlo Confidence Intervals
#>             est     se     R   2.5%  97.5%
#> cp       0.2450 0.0306 20000 0.1799 0.2990
#> b        0.5189 0.0275 20000 0.4581 0.5666
#> a        0.5031 0.0260 20000 0.4428 0.5441
#> X~~X     1.0000 0.0000 20000 1.0000 1.0000
#> Y~~Y     0.5429 0.0250 20000 0.5068 0.6050
#> M~~M     0.7469 0.0257 20000 0.7039 0.8039
#> indirect 0.2610 0.0190 20000 0.2171 0.2918
#> direct   0.2450 0.0306 20000 0.1799 0.2990
#> total    0.5060 0.0261 20000 0.4419 0.5446
```

### coef


```r
coef(std)
#>        cp         b         a      X~~X      Y~~Y      M~~M  indirect    direct 
#> 0.2449797 0.5188628 0.5030687 1.0000000 0.5428754 0.7469219 0.2610236 0.2449797 
#>     total 
#> 0.5060033
```

### vcov


```r
vcov(std)
#>                     cp             b             a          X~~X          Y~~Y
#> cp        9.345096e-04 -6.145640e-04 -4.585537e-06 -2.181811e-20 -1.453200e-04
#> b        -6.145640e-04  7.585174e-04 -5.110201e-06 -9.715313e-21 -3.490583e-04
#> a        -4.585537e-06 -5.110201e-06  6.769127e-04  5.816704e-21 -1.555216e-04
#> X~~X     -2.181811e-20 -9.715313e-21  5.816704e-21  1.195122e-32  3.087819e-20
#> Y~~Y     -1.453200e-04 -3.490583e-04 -1.555216e-04  3.087819e-20  6.230909e-04
#> M~~M      4.451832e-06  4.907115e-06 -6.676901e-04 -5.309897e-21  1.536256e-04
#> indirect -3.068745e-04  3.728166e-04  3.449888e-04 -1.611677e-21 -2.521233e-04
#> direct    9.345096e-04 -6.145640e-04 -4.585537e-06 -2.181811e-20 -1.453200e-04
#> total     6.276351e-04 -2.417474e-04  3.404033e-04 -2.342978e-20 -3.974432e-04
#>                   M~~M      indirect        direct         total
#> cp        4.451832e-06 -3.068745e-04  9.345096e-04  6.276351e-04
#> b         4.907115e-06  3.728166e-04 -6.145640e-04 -2.417474e-04
#> a        -6.676901e-04  3.449888e-04 -4.585537e-06  3.404033e-04
#> X~~X     -5.309897e-21 -1.611677e-21 -2.181811e-20 -2.342978e-20
#> Y~~Y      1.536256e-04 -2.521233e-04 -1.453200e-04 -3.974432e-04
#> M~~M      6.595227e-04 -3.403481e-04  4.451832e-06 -3.358962e-04
#> indirect -3.403481e-04  3.621572e-04 -3.068745e-04  5.528268e-05
#> direct    4.451832e-06 -3.068745e-04  9.345096e-04  6.276351e-04
#> total    -3.358962e-04  5.528268e-05  6.276351e-04  6.829178e-04
```

### confint


```r
confint(std, level = 0.95)
#>              2.5 %    97.5 %
#> cp       0.1798596 0.2989646
#> b        0.4581486 0.5666450
#> a        0.4428021 0.5441252
#> X~~X     1.0000000 1.0000000
#> Y~~Y     0.5068107 0.6049509
#> M~~M     0.7039277 0.8039263
#> indirect 0.2171348 0.2918212
#> direct   0.1798596 0.2989646
#> total    0.4419021 0.5445903
```

## References
