---
title: "semmcci: Methods (MI)"
author: "Ivan Jacob Agaloos Pesigan"
date: "2023-08-10"
bibliography: "vignettes.bib"
csl: https://raw.githubusercontent.com/citation-style-language/styles/master/apa.csl
nocite: |
  @Pesigan-Cheung-2023
output:
  rmarkdown::html_vignette:
    toc: true
vignette: >
  %\VignetteIndexEntry{semmcci: Methods (MI)}
  %\VignetteEngine{knitr::rmarkdown}
  %\VignetteEncoding{UTF-8}
---

<!-- vignettes/methods-mc-mi.Rmd is generated from .setup/vignettes/methods-mc-mi.Rmd.orig. Please edit that file -->






```r
library(semmcci)
library(lavaan)
```

## Data




```r
summary(df)
#>        X                  M                  Y           
#>  Min.   :-3.19956   Min.   :-3.37128   Min.   :-3.61432  
#>  1st Qu.:-0.63268   1st Qu.:-0.70516   1st Qu.:-0.66921  
#>  Median : 0.02823   Median : 0.02825   Median :-0.04833  
#>  Mean   : 0.00269   Mean   :-0.01992   Mean   :-0.01538  
#>  3rd Qu.: 0.65754   3rd Qu.: 0.65240   3rd Qu.: 0.65293  
#>  Max.   : 3.47091   Max.   : 2.93497   Max.   : 3.09950  
#>  NA's   :100        NA's   :100        NA's   :100
```

## Multiple Imputation

Perform the appropriate multiple imputation approach to deal with missing values.
In this example, we impute multivariate missing data under the normal model.


```r
mi <- mice::mice(
  df,
  method = "norm",
  m = 100,
  print = FALSE,
  seed = 42
)
```

## Model Specification


```r
model <- "
  Y ~ cp * X + b * M
  M ~ a * X
  X ~~ X
  indirect := a * b
  direct := cp
  total := cp + (a * b)
"
```

## Model Fitting


```r
fit <- sem(data = df, model = model)
```

## Monte Carlo Confidence Intervals


```r
unstd <- MCMI(fit, mi = mi, R = 20000L, alpha = 0.05)
```

## Methods

### print


```r
print(unstd)
#> Monte Carlo Confidence Intervals (Multiple Imputation Estimates)
#>             est     se     R   2.5%  97.5%
#> cp       0.2328 0.0297 20000 0.1748 0.2913
#> b        0.5113 0.0298 20000 0.4528 0.5701
#> a        0.4811 0.0288 20000 0.4246 0.5379
#> X~~X     1.0617 0.0494 20000 0.9654 1.1593
#> Y~~Y     0.5533 0.0272 20000 0.4998 0.6071
#> M~~M     0.7568 0.0365 20000 0.6856 0.8295
#> indirect 0.2460 0.0203 20000 0.2077 0.2874
#> direct   0.2328 0.0297 20000 0.1748 0.2913
#> total    0.4788 0.0284 20000 0.4231 0.5349
```

### summary


```r
summary(unstd)
#> Monte Carlo Confidence Intervals (Multiple Imputation Estimates)
#>             est     se     R   2.5%  97.5%
#> cp       0.2328 0.0297 20000 0.1748 0.2913
#> b        0.5113 0.0298 20000 0.4528 0.5701
#> a        0.4811 0.0288 20000 0.4246 0.5379
#> X~~X     1.0617 0.0494 20000 0.9654 1.1593
#> Y~~Y     0.5533 0.0272 20000 0.4998 0.6071
#> M~~M     0.7568 0.0365 20000 0.6856 0.8295
#> indirect 0.2460 0.0203 20000 0.2077 0.2874
#> direct   0.2328 0.0297 20000 0.1748 0.2913
#> total    0.4788 0.0284 20000 0.4231 0.5349
```

### coef


```r
coef(unstd)
#>        cp         b         a      X~~X      Y~~Y      M~~M  indirect    direct 
#> 0.2328242 0.5113353 0.4810732 1.0617011 0.5533052 0.7567771 0.2459664 0.2328242 
#>     total 
#> 0.4787907
```

### vcov


```r
vcov(unstd)
#>                     cp             b             a          X~~X          Y~~Y
#> cp        8.795534e-04 -4.745443e-04 -2.872587e-05  1.927078e-05 -1.914381e-05
#> b        -4.745443e-04  8.882796e-04 -2.476958e-05 -2.107759e-05 -2.857715e-05
#> a        -2.872587e-05 -2.476958e-05  8.313573e-04 -3.850428e-05  3.098397e-05
#> X~~X      1.927078e-05 -2.107759e-05 -3.850428e-05  2.439055e-03 -1.306592e-05
#> Y~~Y     -1.914381e-05 -2.857715e-05  3.098397e-05 -1.306592e-05  7.378979e-04
#> M~~M     -1.123208e-05 -1.063276e-05 -5.684545e-05  8.044242e-06 -4.636373e-06
#> indirect -2.432728e-04  4.151121e-04  4.134516e-04 -2.950108e-05  2.403538e-06
#> direct    8.795534e-04 -4.745443e-04 -2.872587e-05  1.927078e-05 -1.914381e-05
#> total     6.362806e-04 -5.943222e-05  3.847258e-04 -1.023030e-05 -1.674027e-05
#>                   M~~M      indirect        direct         total
#> cp       -1.123208e-05 -2.432728e-04  8.795534e-04  6.362806e-04
#> b        -1.063276e-05  4.151121e-04 -4.745443e-04 -5.943222e-05
#> a        -5.684545e-05  4.134516e-04 -2.872587e-05  3.847258e-04
#> X~~X      8.044242e-06 -2.950108e-05  1.927078e-05 -1.023030e-05
#> Y~~Y     -4.636373e-06  2.403538e-06 -1.914381e-05 -1.674027e-05
#> M~~M      1.332845e-03 -3.397134e-05 -1.123208e-05 -4.520342e-05
#> indirect -3.397134e-05  4.122025e-04 -2.432728e-04  1.689296e-04
#> direct   -1.123208e-05 -2.432728e-04  8.795534e-04  6.362806e-04
#> total    -4.520342e-05  1.689296e-04  6.362806e-04  8.052102e-04
```

### confint


```r
confint(unstd, level = 0.95)
#>              2.5 %    97.5 %
#> cp       0.1747951 0.2913280
#> b        0.4528088 0.5700870
#> a        0.4245864 0.5378834
#> X~~X     0.9654118 1.1593089
#> Y~~Y     0.4997698 0.6070620
#> M~~M     0.6856329 0.8294769
#> indirect 0.2077228 0.2873562
#> direct   0.1747951 0.2913280
#> total    0.4231250 0.5349287
```

## Standardized Monte Carlo Confidence Intervals


```r
fit <- sem(data = df, model = model, fixed.x = FALSE)
unstd <- MCMI(fit, mi = mi, R = 20000L, alpha = 0.05)
```


```r
std <- MCStd(unstd, alpha = 0.05)
```

## Methods

### print


```r
print(std)
#> Standardized Monte Carlo Confidence Intervals
#>             est     se     R   2.5%  97.5%
#> cp       0.2450 0.0303 20000 0.1812 0.2997
#> b        0.5189 0.0273 20000 0.4583 0.5660
#> a        0.5031 0.0260 20000 0.4429 0.5448
#> X~~X     1.0000 0.0000 20000 1.0000 1.0000
#> Y~~Y     0.5429 0.0250 20000 0.5077 0.6047
#> M~~M     0.7469 0.0257 20000 0.7032 0.8038
#> indirect 0.2610 0.0189 20000 0.2174 0.2914
#> direct   0.2450 0.0303 20000 0.1812 0.2997
#> total    0.5060 0.0260 20000 0.4426 0.5439
```

### summary


```r
summary(std)
#> Standardized Monte Carlo Confidence Intervals
#>             est     se     R   2.5%  97.5%
#> cp       0.2450 0.0303 20000 0.1812 0.2997
#> b        0.5189 0.0273 20000 0.4583 0.5660
#> a        0.5031 0.0260 20000 0.4429 0.5448
#> X~~X     1.0000 0.0000 20000 1.0000 1.0000
#> Y~~Y     0.5429 0.0250 20000 0.5077 0.6047
#> M~~M     0.7469 0.0257 20000 0.7032 0.8038
#> indirect 0.2610 0.0189 20000 0.2174 0.2914
#> direct   0.2450 0.0303 20000 0.1812 0.2997
#> total    0.5060 0.0260 20000 0.4426 0.5439
```

### coef


```r
coef(std)
#>        cp         b         a      X~~X      Y~~Y      M~~M  indirect    direct 
#> 0.2449797 0.5188628 0.5030687 1.0000000 0.5428754 0.7469219 0.2610236 0.2449797 
#>     total 
#> 0.5060033
```

### vcov


```r
vcov(std)
#>                     cp             b             a          X~~X          Y~~Y
#> cp        9.172584e-04 -6.001070e-04 -7.568631e-06 -1.687445e-20 -1.466540e-04
#> b        -6.001070e-04  7.480012e-04 -5.993571e-06  8.207087e-21 -3.493555e-04
#> a        -7.568631e-06 -5.993571e-06  6.747215e-04  8.532505e-21 -1.502979e-04
#> X~~X     -1.687445e-20  8.207087e-21  8.532505e-21  1.201224e-32  3.837692e-21
#> Y~~Y     -1.466540e-04 -3.493555e-04 -1.502979e-04  3.837692e-21  6.235588e-04
#> M~~M      7.462487e-06  6.060263e-06 -6.667339e-04 -8.502722e-21  1.483439e-04
#> indirect -3.010485e-04  3.670905e-04  3.432578e-04  7.819800e-21 -2.496572e-04
#> direct    9.172584e-04 -6.001070e-04 -7.568631e-06 -1.687445e-20 -1.466540e-04
#> total     6.162099e-04 -2.330165e-04  3.356892e-04 -9.054645e-21 -3.963112e-04
#>                   M~~M      indirect        direct         total
#> cp        7.462487e-06 -3.010485e-04  9.172584e-04  6.162099e-04
#> b         6.060263e-06  3.670905e-04 -6.001070e-04 -2.330165e-04
#> a        -6.667339e-04  3.432578e-04 -7.568631e-06  3.356892e-04
#> X~~X     -8.502722e-21  7.819800e-21 -1.687445e-20 -9.054645e-21
#> Y~~Y      1.483439e-04 -2.496572e-04 -1.466540e-04 -3.963112e-04
#> M~~M      6.597352e-04 -3.391228e-04  7.462487e-06 -3.316603e-04
#> indirect -3.391228e-04  3.583029e-04 -3.010485e-04  5.725441e-05
#> direct    7.462487e-06 -3.010485e-04  9.172584e-04  6.162099e-04
#> total    -3.316603e-04  5.725441e-05  6.162099e-04  6.734643e-04
```

### confint


```r
confint(std, level = 0.95)
#>              2.5 %    97.5 %
#> cp       0.1811866 0.2997474
#> b        0.4583326 0.5659804
#> a        0.4429476 0.5447860
#> X~~X     1.0000000 1.0000000
#> Y~~Y     0.5076835 0.6046677
#> M~~M     0.7032082 0.8037975
#> indirect 0.2173634 0.2914329
#> direct   0.1811866 0.2997474
#> total    0.4425617 0.5439356
```

## References
