---
title: "semmcci: Methods (MI)"
author: "Ivan Jacob Agaloos Pesigan"
date: "2023-08-10"
bibliography: "vignettes.bib"
csl: https://raw.githubusercontent.com/citation-style-language/styles/master/apa.csl
nocite: |
  @Pesigan-Cheung-2023
output:
  rmarkdown::html_vignette:
    toc: true
vignette: >
  %\VignetteIndexEntry{semmcci: Methods (MI)}
  %\VignetteEngine{knitr::rmarkdown}
  %\VignetteEncoding{UTF-8}
---

<!-- vignettes/methods-mc-mi.Rmd is generated from .setup/vignettes/methods-mc-mi.Rmd.orig. Please edit that file -->






```r
library(semmcci)
library(lavaan)
```

## Data




```r
summary(df)
#>        X                  M                  Y           
#>  Min.   :-3.19956   Min.   :-3.37128   Min.   :-3.61432  
#>  1st Qu.:-0.63268   1st Qu.:-0.70516   1st Qu.:-0.66921  
#>  Median : 0.02823   Median : 0.02825   Median :-0.04833  
#>  Mean   : 0.00269   Mean   :-0.01992   Mean   :-0.01538  
#>  3rd Qu.: 0.65754   3rd Qu.: 0.65240   3rd Qu.: 0.65293  
#>  Max.   : 3.47091   Max.   : 2.93497   Max.   : 3.09950  
#>  NA's   :100        NA's   :100        NA's   :100
```

## Multiple Imputation

Perform the appropriate multiple imputation approach to deal with missing values.
In this example, we impute multivariate missing data under the normal model.


```r
mi <- mice::mice(
  df,
  method = "norm",
  m = 100,
  print = FALSE,
  seed = 42
)
```

## Model Specification


```r
model <- "
  Y ~ cp * X + b * M
  M ~ a * X
  X ~~ X
  indirect := a * b
  direct := cp
  total := cp + (a * b)
"
```

## Model Fitting


```r
fit <- sem(data = df, model = model)
```

## Monte Carlo Confidence Intervals


```r
unstd <- MCMI(fit, mi = mi, R = 20000L, alpha = 0.05)
```

## Methods

### print


```r
print(unstd)
#> Monte Carlo Confidence Intervals (Multiple Imputation Estimates)
#>             est     se     R   2.5%  97.5%
#> cp       0.2328 0.0295 20000 0.1748 0.2905
#> b        0.5113 0.0296 20000 0.4539 0.5687
#> a        0.4811 0.0287 20000 0.4250 0.5372
#> X~~X     1.0617 0.0494 20000 0.9639 1.1585
#> Y~~Y     0.5533 0.0272 20000 0.4996 0.6064
#> M~~M     0.7568 0.0362 20000 0.6851 0.8271
#> indirect 0.2460 0.0202 20000 0.2074 0.2866
#> direct   0.2328 0.0295 20000 0.1748 0.2905
#> total    0.4788 0.0284 20000 0.4234 0.5346
```

### summary


```r
summary(unstd)
#> Monte Carlo Confidence Intervals (Multiple Imputation Estimates)
#>             est     se     R   2.5%  97.5%
#> cp       0.2328 0.0295 20000 0.1748 0.2905
#> b        0.5113 0.0296 20000 0.4539 0.5687
#> a        0.4811 0.0287 20000 0.4250 0.5372
#> X~~X     1.0617 0.0494 20000 0.9639 1.1585
#> Y~~Y     0.5533 0.0272 20000 0.4996 0.6064
#> M~~M     0.7568 0.0362 20000 0.6851 0.8271
#> indirect 0.2460 0.0202 20000 0.2074 0.2866
#> direct   0.2328 0.0295 20000 0.1748 0.2905
#> total    0.4788 0.0284 20000 0.4234 0.5346
```

### coef


```r
coef(unstd)
#>        cp         b         a      X~~X      Y~~Y      M~~M  indirect    direct 
#> 0.2328242 0.5113353 0.4810732 1.0617011 0.5533052 0.7567771 0.2459664 0.2328242 
#>     total 
#> 0.4787907
```

### vcov


```r
vcov(unstd)
#>                     cp             b             a          X~~X          Y~~Y
#> cp        8.711452e-04 -4.614635e-04 -3.099975e-05  1.594112e-05 -2.119704e-05
#> b        -4.614635e-04  8.782652e-04 -2.212585e-05 -1.598133e-05 -2.724883e-05
#> a        -3.099975e-05 -2.212585e-05  8.214849e-04 -3.297312e-05  2.431480e-05
#> X~~X      1.594112e-05 -1.598133e-05 -3.297312e-05  2.441654e-03 -3.332073e-05
#> Y~~Y     -2.119704e-05 -2.724883e-05  2.431480e-05 -3.332073e-05  7.384725e-04
#> M~~M     -5.654648e-06  4.599596e-06 -5.242056e-05 -2.567618e-05 -1.744592e-05
#> indirect -2.373211e-04  4.105007e-04  4.094853e-04 -2.486372e-05 -7.455842e-07
#> direct    8.711452e-04 -4.614635e-04 -3.099975e-05  1.594112e-05 -2.119704e-05
#> total     6.338241e-04 -5.096279e-05  3.784856e-04 -8.922597e-06 -2.194262e-05
#>                   M~~M      indirect        direct         total
#> cp       -5.654648e-06 -2.373211e-04  8.711452e-04  6.338241e-04
#> b         4.599596e-06  4.105007e-04 -4.614635e-04 -5.096279e-05
#> a        -5.242056e-05  4.094853e-04 -3.099975e-05  3.784856e-04
#> X~~X     -2.567618e-05 -2.486372e-05  1.594112e-05 -8.922597e-06
#> Y~~Y     -1.744592e-05 -7.455842e-07 -2.119704e-05 -2.194262e-05
#> M~~M      1.313500e-03 -2.461329e-05 -5.654648e-06 -3.026794e-05
#> indirect -2.461329e-05  4.072957e-04 -2.373211e-04  1.699746e-04
#> direct   -5.654648e-06 -2.373211e-04  8.711452e-04  6.338241e-04
#> total    -3.026794e-05  1.699746e-04  6.338241e-04  8.037987e-04
```

### confint


```r
confint(unstd, level = 0.95)
#>              2.5 %    97.5 %
#> cp       0.1748064 0.2904973
#> b        0.4538576 0.5686925
#> a        0.4250271 0.5371934
#> X~~X     0.9639066 1.1585036
#> Y~~Y     0.4996064 0.6064032
#> M~~M     0.6850585 0.8270972
#> indirect 0.2074219 0.2865525
#> direct   0.1748064 0.2904973
#> total    0.4233584 0.5346309
```

## Standardized Monte Carlo Confidence Intervals


```r
fit <- sem(data = df, model = model, fixed.x = FALSE)
unstd <- MCMI(fit, mi = mi, R = 20000L, alpha = 0.05)
```


```r
std <- MCStd(unstd, alpha = 0.05)
```

## Methods

### print


```r
print(std)
#> Standardized Monte Carlo Confidence Intervals
#>             est     se     R   2.5%  97.5%
#> cp       0.2450 0.0304 20000 0.1815 0.3000
#> b        0.5189 0.0273 20000 0.4592 0.5664
#> a        0.5031 0.0260 20000 0.4424 0.5442
#> X~~X     1.0000 0.0000 20000 1.0000 1.0000
#> Y~~Y     0.5429 0.0250 20000 0.5069 0.6049
#> M~~M     0.7469 0.0257 20000 0.7038 0.8043
#> indirect 0.2610 0.0190 20000 0.2170 0.2915
#> direct   0.2450 0.0304 20000 0.1815 0.3000
#> total    0.5060 0.0260 20000 0.4426 0.5439
```

### summary


```r
summary(std)
#> Standardized Monte Carlo Confidence Intervals
#>             est     se     R   2.5%  97.5%
#> cp       0.2450 0.0304 20000 0.1815 0.3000
#> b        0.5189 0.0273 20000 0.4592 0.5664
#> a        0.5031 0.0260 20000 0.4424 0.5442
#> X~~X     1.0000 0.0000 20000 1.0000 1.0000
#> Y~~Y     0.5429 0.0250 20000 0.5069 0.6049
#> M~~M     0.7469 0.0257 20000 0.7038 0.8043
#> indirect 0.2610 0.0190 20000 0.2170 0.2915
#> direct   0.2450 0.0304 20000 0.1815 0.3000
#> total    0.5060 0.0260 20000 0.4426 0.5439
```

### coef


```r
coef(std)
#>        cp         b         a      X~~X      Y~~Y      M~~M  indirect    direct 
#> 0.2449797 0.5188628 0.5030687 1.0000000 0.5428754 0.7469219 0.2610236 0.2449797 
#>     total 
#> 0.5060033
```

### vcov


```r
vcov(std)
#>                     cp             b             a          X~~X          Y~~Y
#> cp        9.229485e-04 -5.990752e-04 -1.330429e-05  7.995474e-21 -1.517475e-04
#> b        -5.990752e-04  7.443816e-04 -2.733672e-06 -1.205900e-20 -3.469556e-04
#> a        -1.330429e-05 -2.733672e-06  6.783176e-04 -1.291750e-20 -1.498384e-04
#> X~~X      7.995474e-21 -1.205900e-20 -1.291750e-20  1.195061e-32  1.179528e-20
#> Y~~Y     -1.517475e-04 -3.469556e-04 -1.498384e-04  1.179528e-20  6.254880e-04
#> M~~M      1.307258e-05  2.646331e-06 -6.696250e-04  1.356448e-20  1.480285e-04
#> indirect -3.033370e-04  3.669222e-04  3.467475e-04 -1.254476e-20 -2.483254e-04
#> direct    9.229485e-04 -5.990752e-04 -1.330429e-05  7.995474e-21 -1.517475e-04
#> total     6.196115e-04 -2.321530e-04  3.334432e-04 -4.549291e-21 -4.000729e-04
#>                   M~~M      indirect        direct         total
#> cp        1.307258e-05 -3.033370e-04  9.229485e-04  6.196115e-04
#> b         2.646331e-06  3.669222e-04 -5.990752e-04 -2.321530e-04
#> a        -6.696250e-04  3.467475e-04 -1.330429e-05  3.334432e-04
#> X~~X      1.356448e-20 -1.254476e-20  7.995474e-21 -4.549291e-21
#> Y~~Y      1.480285e-04 -2.483254e-04 -1.517475e-04 -4.000729e-04
#> M~~M      6.619630e-04 -3.423189e-04  1.307258e-05 -3.292463e-04
#> indirect -3.423189e-04  3.600148e-04 -3.033370e-04  5.667776e-05
#> direct    1.307258e-05 -3.033370e-04  9.229485e-04  6.196115e-04
#> total    -3.292463e-04  5.667776e-05  6.196115e-04  6.762893e-04
```

### confint


```r
confint(std, level = 0.95)
#>              2.5 %    97.5 %
#> cp       0.1814764 0.2999608
#> b        0.4591670 0.5664127
#> a        0.4423555 0.5442046
#> X~~X     1.0000000 1.0000000
#> Y~~Y     0.5068571 0.6048954
#> M~~M     0.7038414 0.8043216
#> indirect 0.2170074 0.2915181
#> direct   0.1814764 0.2999608
#> total    0.4426170 0.5439489
```

## References
