---
title: "semmcci: Methods (MI)"
author: "Ivan Jacob Agaloos Pesigan"
date: "2023-08-28"
bibliography: "vignettes.bib"
csl: https://raw.githubusercontent.com/citation-style-language/styles/master/apa.csl
nocite: |
  @Pesigan-Cheung-2023
output:
  rmarkdown::html_vignette:
    toc: true
vignette: >
  %\VignetteIndexEntry{semmcci: Methods (MI)}
  %\VignetteEngine{knitr::rmarkdown}
  %\VignetteEncoding{UTF-8}
---

<!-- vignettes/methods-mc-mi.Rmd is generated from .setup/vignettes/methods-mc-mi.Rmd.orig. Please edit that file -->






```r
library(semmcci)
library(lavaan)
```

## Data




```r
summary(df)
#>        X                  M                  Y           
#>  Min.   :-3.19956   Min.   :-3.37128   Min.   :-3.61432  
#>  1st Qu.:-0.63268   1st Qu.:-0.70516   1st Qu.:-0.66921  
#>  Median : 0.02823   Median : 0.02825   Median :-0.04833  
#>  Mean   : 0.00269   Mean   :-0.01992   Mean   :-0.01538  
#>  3rd Qu.: 0.65754   3rd Qu.: 0.65240   3rd Qu.: 0.65293  
#>  Max.   : 3.47091   Max.   : 2.93497   Max.   : 3.09950  
#>  NA's   :100        NA's   :100        NA's   :100
```

## Multiple Imputation

Perform the appropriate multiple imputation approach to deal with missing values.
In this example, we impute multivariate missing data under the normal model.


```r
mi <- mice::mice(
  df,
  method = "norm",
  m = 100,
  print = FALSE,
  seed = 42
)
```

## Model Specification


```r
model <- "
  Y ~ cp * X + b * M
  M ~ a * X
  X ~~ X
  indirect := a * b
  direct := cp
  total := cp + (a * b)
"
```

## Model Fitting


```r
fit <- sem(data = df, model = model)
```

## Monte Carlo Confidence Intervals


```r
unstd <- MCMI(fit, mi = mi, R = 20000L, alpha = 0.05)
```

## Methods

### print


```r
print(unstd)
#> Monte Carlo Confidence Intervals (Multiple Imputation Estimates)
#>             est     se     R   2.5%  97.5%
#> cp       0.2328 0.0300 20000 0.1737 0.2911
#> b        0.5113 0.0299 20000 0.4526 0.5701
#> a        0.4811 0.0287 20000 0.4249 0.5372
#> X~~X     1.0617 0.0490 20000 0.9642 1.1574
#> Y~~Y     0.5533 0.0270 20000 0.5011 0.6066
#> M~~M     0.7568 0.0366 20000 0.6852 0.8272
#> indirect 0.2460 0.0203 20000 0.2078 0.2868
#> direct   0.2328 0.0300 20000 0.1737 0.2911
#> total    0.4788 0.0285 20000 0.4227 0.5351
```

### summary


```r
summary(unstd)
#> Monte Carlo Confidence Intervals (Multiple Imputation Estimates)
#>             est     se     R   2.5%  97.5%
#> cp       0.2328 0.0300 20000 0.1737 0.2911
#> b        0.5113 0.0299 20000 0.4526 0.5701
#> a        0.4811 0.0287 20000 0.4249 0.5372
#> X~~X     1.0617 0.0490 20000 0.9642 1.1574
#> Y~~Y     0.5533 0.0270 20000 0.5011 0.6066
#> M~~M     0.7568 0.0366 20000 0.6852 0.8272
#> indirect 0.2460 0.0203 20000 0.2078 0.2868
#> direct   0.2328 0.0300 20000 0.1737 0.2911
#> total    0.4788 0.0285 20000 0.4227 0.5351
```

### coef


```r
coef(unstd)
#>        cp         b         a      X~~X      Y~~Y      M~~M  indirect    direct 
#> 0.2328242 0.5113353 0.4810732 1.0617011 0.5533052 0.7567771 0.2459664 0.2328242 
#>     total 
#> 0.4787907
```

### vcov


```r
vcov(unstd)
#>                     cp             b             a          X~~X          Y~~Y
#> cp        8.982431e-04 -4.818109e-04 -3.086334e-05  2.808140e-05 -1.664518e-05
#> b        -4.818109e-04  8.911045e-04 -2.180388e-05 -3.181296e-05 -2.858535e-05
#> a        -3.086334e-05 -2.180388e-05  8.245118e-04 -3.682904e-05  3.212861e-05
#> X~~X      2.808140e-05 -3.181296e-05 -3.682904e-05  2.398379e-03 -9.990354e-06
#> Y~~Y     -1.664518e-05 -2.858535e-05  3.212861e-05 -9.990354e-06  7.292548e-04
#> M~~M      3.889619e-07 -1.136087e-05 -6.628876e-05 -2.013939e-05 -2.365018e-05
#> indirect -2.477422e-04  4.179319e-04  4.111025e-04 -3.407620e-05  2.681636e-06
#> direct    8.982431e-04 -4.818109e-04 -3.086334e-05  2.808140e-05 -1.664518e-05
#> total     6.505010e-04 -6.387901e-05  3.802392e-04 -5.994804e-06 -1.396354e-05
#>                   M~~M      indirect        direct         total
#> cp        3.889619e-07 -2.477422e-04  8.982431e-04  6.505010e-04
#> b        -1.136087e-05  4.179319e-04 -4.818109e-04 -6.387901e-05
#> a        -6.628876e-05  4.111025e-04 -3.086334e-05  3.802392e-04
#> X~~X     -2.013939e-05 -3.407620e-05  2.808140e-05 -5.994804e-06
#> Y~~Y     -2.365018e-05  2.681636e-06 -1.664518e-05 -1.396354e-05
#> M~~M      1.338525e-03 -3.914385e-05  3.889619e-07 -3.875489e-05
#> indirect -3.914385e-05  4.121965e-04 -2.477422e-04  1.644544e-04
#> direct    3.889619e-07 -2.477422e-04  8.982431e-04  6.505010e-04
#> total    -3.875489e-05  1.644544e-04  6.505010e-04  8.149553e-04
```

### confint


```r
confint(unstd, level = 0.95)
#>              2.5 %    97.5 %
#> cp       0.1736675 0.2910965
#> b        0.4525662 0.5700835
#> a        0.4249325 0.5371778
#> X~~X     0.9641964 1.1573549
#> Y~~Y     0.5010531 0.6065711
#> M~~M     0.6852335 0.8272135
#> indirect 0.2077505 0.2867793
#> direct   0.1736675 0.2910965
#> total    0.4227445 0.5350778
```

## Standardized Monte Carlo Confidence Intervals


```r
fit <- sem(data = df, model = model, fixed.x = FALSE)
unstd <- MCMI(fit, mi = mi, R = 20000L, alpha = 0.05)
```


```r
std <- MCStd(unstd, alpha = 0.05)
```

## Methods

### print


```r
print(std)
#> Standardized Monte Carlo Confidence Intervals
#>             est     se     R   2.5%  97.5%
#> cp       0.2450 0.0303 20000 0.1819 0.2992
#> b        0.5189 0.0275 20000 0.4581 0.5661
#> a        0.5031 0.0264 20000 0.4422 0.5458
#> X~~X     1.0000 0.0000 20000 1.0000 1.0000
#> Y~~Y     0.5429 0.0252 20000 0.5066 0.6059
#> M~~M     0.7469 0.0261 20000 0.7021 0.8044
#> indirect 0.2610 0.0192 20000 0.2169 0.2923
#> direct   0.2450 0.0303 20000 0.1819 0.2992
#> total    0.5060 0.0260 20000 0.4424 0.5436
```

### summary


```r
summary(std)
#> Standardized Monte Carlo Confidence Intervals
#>             est     se     R   2.5%  97.5%
#> cp       0.2450 0.0303 20000 0.1819 0.2992
#> b        0.5189 0.0275 20000 0.4581 0.5661
#> a        0.5031 0.0264 20000 0.4422 0.5458
#> X~~X     1.0000 0.0000 20000 1.0000 1.0000
#> Y~~Y     0.5429 0.0252 20000 0.5066 0.6059
#> M~~M     0.7469 0.0261 20000 0.7021 0.8044
#> indirect 0.2610 0.0192 20000 0.2169 0.2923
#> direct   0.2450 0.0303 20000 0.1819 0.2992
#> total    0.5060 0.0260 20000 0.4424 0.5436
```

### coef


```r
coef(std)
#>        cp         b         a      X~~X      Y~~Y      M~~M  indirect    direct 
#> 0.2449797 0.5188628 0.5030687 1.0000000 0.5428754 0.7469219 0.2610236 0.2449797 
#>     total 
#> 0.5060033
```

### vcov


```r
vcov(std)
#>                     cp             b             a          X~~X          Y~~Y
#> cp        9.175136e-04 -6.037579e-04 -9.737563e-06 -2.404793e-20 -1.410434e-04
#> b        -6.037579e-04  7.579774e-04 -1.780661e-06  2.356888e-20 -3.596365e-04
#> a        -9.737563e-06 -1.780661e-06  6.949732e-04 -1.196692e-20 -1.587035e-04
#> X~~X     -2.404793e-20  2.356888e-20 -1.196692e-20  1.179591e-32 -4.535484e-21
#> Y~~Y     -1.410434e-04 -3.596365e-04 -1.587035e-04 -4.535484e-21  6.327558e-04
#> M~~M      9.722816e-06  1.473629e-06 -6.866309e-04  1.171618e-20  1.570336e-04
#> indirect -3.039805e-04  3.743789e-04  3.559451e-04  5.769187e-21 -2.593102e-04
#> direct    9.175136e-04 -6.037579e-04 -9.737563e-06 -2.404793e-20 -1.410434e-04
#> total     6.135331e-04 -2.293790e-04  3.462075e-04 -1.827874e-20 -4.003536e-04
#>                   M~~M      indirect        direct         total
#> cp        9.722816e-06 -3.039805e-04  9.175136e-04  6.135331e-04
#> b         1.473629e-06  3.743789e-04 -6.037579e-04 -2.293790e-04
#> a        -6.866309e-04  3.559451e-04 -9.737563e-06  3.462075e-04
#> X~~X      1.171618e-20  5.769187e-21 -2.404793e-20 -1.827874e-20
#> Y~~Y      1.570336e-04 -2.593102e-04 -1.410434e-04 -4.003536e-04
#> M~~M      6.793239e-04 -3.518205e-04  9.722816e-06 -3.420977e-04
#> indirect -3.518205e-04  3.686470e-04 -3.039805e-04  6.466655e-05
#> direct    9.722816e-06 -3.039805e-04  9.175136e-04  6.135331e-04
#> total    -3.420977e-04  6.466655e-05  6.135331e-04  6.781996e-04
```

### confint


```r
confint(std, level = 0.95)
#>              2.5 %    97.5 %
#> cp       0.1818631 0.2992247
#> b        0.4581359 0.5660715
#> a        0.4422392 0.5458150
#> X~~X     1.0000000 1.0000000
#> Y~~Y     0.5065567 0.6059240
#> M~~M     0.7020860 0.8044245
#> indirect 0.2169176 0.2922818
#> direct   0.1818631 0.2992247
#> total    0.4423525 0.5436397
```

## References
