---
title: "semmcci: Methods (MC)"
author: "Ivan Jacob Agaloos Pesigan"
date: "2023-08-19"
bibliography: "vignettes.bib"
csl: https://raw.githubusercontent.com/citation-style-language/styles/master/apa.csl
nocite: |
  @Pesigan-Cheung-2023
output:
  rmarkdown::html_vignette:
    toc: true
vignette: >
  %\VignetteIndexEntry{semmcci: Methods (MC)}
  %\VignetteEngine{knitr::rmarkdown}
  %\VignetteEncoding{UTF-8}
---

<!-- vignettes/methods-mc.Rmd is generated from .setup/vignettes/methods-mc.Rmd.orig. Please edit that file -->






```r
library(semmcci)
library(lavaan)
```

## Data




```r
summary(df)
#>        X                   M                   Y           
#>  Min.   :-3.199558   Min.   :-3.371276   Min.   :-3.61432  
#>  1st Qu.:-0.636035   1st Qu.:-0.692640   1st Qu.:-0.66146  
#>  Median : 0.011377   Median : 0.007125   Median :-0.04726  
#>  Mean   :-0.003207   Mean   :-0.023968   Mean   :-0.01677  
#>  3rd Qu.: 0.651951   3rd Qu.: 0.647363   3rd Qu.: 0.62640  
#>  Max.   : 3.470910   Max.   : 2.963216   Max.   : 3.09950
colMeans(df)
#>            X            M            Y 
#> -0.003206987 -0.023968103 -0.016774294
var(df)
#>           X         M         Y
#> X 1.0600162 0.5108780 0.5069458
#> M 0.5108780 0.9996606 0.6272104
#> Y 0.5069458 0.6272104 0.9837255
```

## Model Specification


```r
model <- "
  Y ~ cp * X + b * M
  M ~ a * X
  indirect := a * b
  direct := cp
  total := cp + (a * b)
"
```

## Model Fitting


```r
fit <- sem(data = df, model = model)
```

## Monte Carlo Confidence Intervals


```r
unstd <- MC(fit, R = 20000L, alpha = 0.05)
```

## Methods

### print


```r
print(unstd)
#> Monte Carlo Confidence Intervals
#>             est     se     R   2.5%  97.5%
#> cp       0.2333 0.0262 20000 0.1827 0.2851
#> b        0.5082 0.0267 20000 0.4560 0.5614
#> a        0.4820 0.0266 20000 0.4300 0.5335
#> Y~~Y     0.5462 0.0242 20000 0.4985 0.5935
#> M~~M     0.7527 0.0338 20000 0.6868 0.8196
#> X~~X     1.0590 0.0000 20000 1.0590 1.0590
#> indirect 0.2449 0.0187 20000 0.2087 0.2834
#> direct   0.2333 0.0262 20000 0.1827 0.2851
#> total    0.4782 0.0265 20000 0.4274 0.5309
```

### summary


```r
summary(unstd)
#> Monte Carlo Confidence Intervals
#>             est     se     R   2.5%  97.5%
#> cp       0.2333 0.0262 20000 0.1827 0.2851
#> b        0.5082 0.0267 20000 0.4560 0.5614
#> a        0.4820 0.0266 20000 0.4300 0.5335
#> Y~~Y     0.5462 0.0242 20000 0.4985 0.5935
#> M~~M     0.7527 0.0338 20000 0.6868 0.8196
#> X~~X     1.0590 0.0000 20000 1.0590 1.0590
#> indirect 0.2449 0.0187 20000 0.2087 0.2834
#> direct   0.2333 0.0262 20000 0.1827 0.2851
#> total    0.4782 0.0265 20000 0.4274 0.5309
```

### coef


```r
coef(unstd)
#>        cp         b         a      Y~~Y      M~~M      X~~X  indirect    direct 
#> 0.2333230 0.5081833 0.4819530 0.5461589 0.7526879 1.0589562 0.2449205 0.2333230 
#>     total 
#> 0.4782435
```

### vcov


```r
vcov(unstd)
#>                     cp             b             a          Y~~Y          M~~M
#> cp        6.881556e-04 -3.510217e-04 -9.708057e-07 -7.738070e-06  1.088359e-05
#> b        -3.510217e-04  7.154693e-04  3.696242e-06  6.425930e-06 -7.188338e-06
#> a        -9.708057e-07  3.696242e-06  7.082296e-04 -3.095808e-06  3.940331e-06
#> Y~~Y     -7.738070e-06  6.425930e-06 -3.095808e-06  5.866807e-04  7.524959e-07
#> M~~M      1.088359e-05 -7.188338e-06  3.940331e-06  7.524959e-07  1.145796e-03
#> X~~X      0.000000e+00  0.000000e+00  0.000000e+00  0.000000e+00  0.000000e+00
#> indirect -1.697573e-04  3.468106e-04  3.615987e-04  1.644130e-06 -1.232383e-06
#> direct    6.881556e-04 -3.510217e-04 -9.708057e-07 -7.738070e-06  1.088359e-05
#> total     5.183984e-04 -4.211092e-06  3.606279e-04 -6.093940e-06  9.651203e-06
#>          X~~X      indirect        direct         total
#> cp          0 -1.697573e-04  6.881556e-04  5.183984e-04
#> b           0  3.468106e-04 -3.510217e-04 -4.211092e-06
#> a           0  3.615987e-04 -9.708057e-07  3.606279e-04
#> Y~~Y        0  1.644130e-06 -7.738070e-06 -6.093940e-06
#> M~~M        0 -1.232383e-06  1.088359e-05  9.651203e-06
#> X~~X        0  0.000000e+00  0.000000e+00  0.000000e+00
#> indirect    0  3.514190e-04 -1.697573e-04  1.816617e-04
#> direct      0 -1.697573e-04  6.881556e-04  5.183984e-04
#> total       0  1.816617e-04  5.183984e-04  7.000601e-04
```

### confint


```r
confint(unstd, level = 0.95)
#>              2.5 %    97.5 %
#> cp       0.1827090 0.2850793
#> b        0.4559866 0.5614014
#> a        0.4300414 0.5334822
#> Y~~Y     0.4984512 0.5934737
#> M~~M     0.6868408 0.8195630
#> X~~X     1.0589562 1.0589562
#> indirect 0.2087089 0.2834277
#> direct   0.1827090 0.2850793
#> total    0.4274017 0.5309095
```

## Standardized Monte Carlo Confidence Intervals


```r
fit <- sem(data = df, model = model, fixed.x = FALSE)
unstd <- MC(fit, R = 20000L, alpha = 0.05)
```


```r
std <- MCStd(unstd, alpha = 0.05)
```

## Methods

### print


```r
print(std)
#> Standardized Monte Carlo Confidence Intervals
#>             est     se     R   2.5%  97.5%
#> cp       0.2422 0.0267 20000 0.1899 0.2936
#> b        0.5123 0.0246 20000 0.4640 0.5603
#> a        0.4963 0.0238 20000 0.4489 0.5420
#> Y~~Y     0.5558 0.0233 20000 0.5100 0.6011
#> M~~M     0.7537 0.0236 20000 0.7062 0.7985
#> X~~X     1.0000 0.0000 20000 1.0000 1.0000
#> indirect 0.2542 0.0176 20000 0.2202 0.2887
#> direct   0.2422 0.0267 20000 0.1899 0.2936
#> total    0.4964 0.0236 20000 0.4491 0.5413
```

### summary


```r
summary(std)
#> Standardized Monte Carlo Confidence Intervals
#>             est     se     R   2.5%  97.5%
#> cp       0.2422 0.0267 20000 0.1899 0.2936
#> b        0.5123 0.0246 20000 0.4640 0.5603
#> a        0.4963 0.0238 20000 0.4489 0.5420
#> Y~~Y     0.5558 0.0233 20000 0.5100 0.6011
#> M~~M     0.7537 0.0236 20000 0.7062 0.7985
#> X~~X     1.0000 0.0000 20000 1.0000 1.0000
#> indirect 0.2542 0.0176 20000 0.2202 0.2887
#> direct   0.2422 0.0267 20000 0.1899 0.2936
#> total    0.4964 0.0236 20000 0.4491 0.5413
```

### coef


```r
coef(std)
#>        cp         b         a      Y~~Y      M~~M      X~~X  indirect    direct 
#> 0.2422015 0.5122827 0.4962890 0.5557501 0.7536972 1.0000000 0.2542403 0.2422015 
#>     total 
#> 0.4964418
```

### vcov


```r
vcov(std)
#>                     cp             b             a          Y~~Y          M~~M
#> cp        7.120401e-04 -4.661381e-04 -5.093271e-07 -1.162131e-04  4.315431e-07
#> b        -4.661381e-04  6.049510e-04  2.104757e-05 -3.074208e-04 -2.074347e-05
#> a        -5.093271e-07  2.104757e-05  5.658598e-04 -1.657958e-04 -5.604791e-04
#> Y~~Y     -1.162131e-04 -3.074208e-04 -1.657958e-04  5.450637e-04  1.641741e-04
#> M~~M      4.315431e-07 -2.074347e-05 -5.604791e-04  1.641741e-04  5.557947e-04
#> X~~X     -1.904795e-20  1.058949e-20  3.250542e-20 -2.284070e-21 -3.210422e-20
#> indirect -2.315056e-04  3.108667e-04  3.001365e-04 -2.372693e-04 -2.972592e-04
#> direct    7.120401e-04 -4.661381e-04 -5.093271e-07 -1.162131e-04  4.315431e-07
#> total     4.805345e-04 -1.552714e-04  2.996271e-04 -3.534825e-04 -2.968276e-04
#>                   X~~X      indirect        direct         total
#> cp       -1.904795e-20 -2.315056e-04  7.120401e-04  4.805345e-04
#> b         1.058949e-20  3.108667e-04 -4.661381e-04 -1.552714e-04
#> a         3.250542e-20  3.001365e-04 -5.093271e-07  2.996271e-04
#> Y~~Y     -2.284070e-21 -2.372693e-04 -1.162131e-04 -3.534825e-04
#> M~~M     -3.210422e-20 -2.972592e-04  4.315431e-07 -2.968276e-04
#> X~~X      1.196602e-32  2.183114e-20 -1.904795e-20  2.783190e-21
#> indirect  2.183114e-20  3.082108e-04 -2.315056e-04  7.670514e-05
#> direct   -1.904795e-20 -2.315056e-04  7.120401e-04  4.805345e-04
#> total     2.783190e-21  7.670514e-05  4.805345e-04  5.572396e-04
```

### confint


```r
confint(std, level = 0.95)
#>              2.5 %    97.5 %
#> cp       0.1899198 0.2935848
#> b        0.4640423 0.5602782
#> a        0.4489142 0.5419906
#> Y~~Y     0.5100161 0.6011311
#> M~~M     0.7062462 0.7984760
#> X~~X     1.0000000 1.0000000
#> indirect 0.2202148 0.2887309
#> direct   0.1899198 0.2935848
#> total    0.4491070 0.5413495
```

# References
