---
title: "semmcci: Methods (MI)"
author: "Ivan Jacob Agaloos Pesigan"
date: "2023-09-05"
bibliography: "vignettes.bib"
csl: https://raw.githubusercontent.com/citation-style-language/styles/master/apa.csl
nocite: |
  @Pesigan-Cheung-2023
output:
  rmarkdown::html_vignette:
    toc: true
vignette: >
  %\VignetteIndexEntry{semmcci: Methods (MI)}
  %\VignetteEngine{knitr::rmarkdown}
  %\VignetteEncoding{UTF-8}
---

<!-- vignettes/methods-mc-mi.Rmd is generated from .setup/vignettes/methods-mc-mi.Rmd.orig. Please edit that file -->






```r
library(semmcci)
library(lavaan)
```

## Data




```r
summary(df)
#>        X                  M                  Y           
#>  Min.   :-3.19956   Min.   :-3.37128   Min.   :-3.61432  
#>  1st Qu.:-0.63268   1st Qu.:-0.70516   1st Qu.:-0.66921  
#>  Median : 0.02823   Median : 0.02825   Median :-0.04833  
#>  Mean   : 0.00269   Mean   :-0.01992   Mean   :-0.01538  
#>  3rd Qu.: 0.65754   3rd Qu.: 0.65240   3rd Qu.: 0.65293  
#>  Max.   : 3.47091   Max.   : 2.93497   Max.   : 3.09950  
#>  NA's   :100        NA's   :100        NA's   :100
```

## Multiple Imputation

Perform the appropriate multiple imputation approach to deal with missing values.
In this example, we impute multivariate missing data under the normal model.


```r
mi <- mice::mice(
  df,
  method = "norm",
  m = 100,
  print = FALSE,
  seed = 42
)
```

## Model Specification


```r
model <- "
  Y ~ cp * X + b * M
  M ~ a * X
  X ~~ X
  indirect := a * b
  direct := cp
  total := cp + (a * b)
"
```

## Model Fitting


```r
fit <- sem(data = df, model = model)
```

## Monte Carlo Confidence Intervals


```r
unstd <- MCMI(fit, mi = mi, R = 20000L, alpha = 0.05)
```

## Methods

### print


```r
print(unstd)
#> Monte Carlo Confidence Intervals (Multiple Imputation Estimates)
#>             est     se     R   2.5%  97.5%
#> cp       0.2328 0.0296 20000 0.1750 0.2909
#> b        0.5113 0.0298 20000 0.4528 0.5695
#> a        0.4811 0.0289 20000 0.4233 0.5369
#> X~~X     1.0617 0.0499 20000 0.9633 1.1600
#> Y~~Y     0.5533 0.0272 20000 0.5000 0.6059
#> M~~M     0.7568 0.0365 20000 0.6849 0.8279
#> indirect 0.2460 0.0204 20000 0.2073 0.2870
#> direct   0.2328 0.0296 20000 0.1750 0.2909
#> total    0.4788 0.0285 20000 0.4216 0.5339
```

### summary


```r
summary(unstd)
#> Monte Carlo Confidence Intervals (Multiple Imputation Estimates)
#>             est     se     R   2.5%  97.5%
#> cp       0.2328 0.0296 20000 0.1750 0.2909
#> b        0.5113 0.0298 20000 0.4528 0.5695
#> a        0.4811 0.0289 20000 0.4233 0.5369
#> X~~X     1.0617 0.0499 20000 0.9633 1.1600
#> Y~~Y     0.5533 0.0272 20000 0.5000 0.6059
#> M~~M     0.7568 0.0365 20000 0.6849 0.8279
#> indirect 0.2460 0.0204 20000 0.2073 0.2870
#> direct   0.2328 0.0296 20000 0.1750 0.2909
#> total    0.4788 0.0285 20000 0.4216 0.5339
```

### coef


```r
coef(unstd)
#>        cp         b         a      X~~X      Y~~Y      M~~M  indirect    direct 
#> 0.2328242 0.5113353 0.4810732 1.0617011 0.5533052 0.7567771 0.2459664 0.2328242 
#>     total 
#> 0.4787907
```

### vcov


```r
vcov(unstd)
#>                     cp             b             a          X~~X          Y~~Y
#> cp        8.752139e-04 -4.688603e-04 -2.581389e-05  3.309727e-06 -2.302029e-05
#> b        -4.688603e-04  8.879129e-04 -1.766833e-05 -2.119078e-05 -2.935500e-05
#> a        -2.581389e-05 -1.766833e-05  8.324021e-04 -6.953291e-06  3.080136e-05
#> X~~X      3.309727e-06 -2.119078e-05 -6.953291e-06  2.488973e-03 -1.451767e-05
#> Y~~Y     -2.302029e-05 -2.935500e-05  3.080136e-05 -1.451767e-05  7.387439e-04
#> M~~M     -1.287468e-06  1.516120e-07 -6.745025e-05 -4.915398e-06 -1.246940e-05
#> indirect -2.387108e-04  4.177323e-04  4.168799e-04 -1.379134e-05  1.265771e-06
#> direct    8.752139e-04 -4.688603e-04 -2.581389e-05  3.309727e-06 -2.302029e-05
#> total     6.365031e-04 -5.112800e-05  3.910660e-04 -1.048161e-05 -2.175452e-05
#>                   M~~M      indirect        direct         total
#> cp       -1.287468e-06 -2.387108e-04  8.752139e-04  6.365031e-04
#> b         1.516120e-07  4.177323e-04 -4.688603e-04 -5.112800e-05
#> a        -6.745025e-05  4.168799e-04 -2.581389e-05  3.910660e-04
#> X~~X     -4.915398e-06 -1.379134e-05  3.309727e-06 -1.048161e-05
#> Y~~Y     -1.246940e-05  1.265771e-06 -2.302029e-05 -2.175452e-05
#> M~~M      1.328826e-03 -3.457070e-05 -1.287468e-06 -3.585817e-05
#> indirect -3.457070e-05  4.145400e-04 -2.387108e-04  1.758291e-04
#> direct   -1.287468e-06 -2.387108e-04  8.752139e-04  6.365031e-04
#> total    -3.585817e-05  1.758291e-04  6.365031e-04  8.123322e-04
```

### confint


```r
confint(unstd, level = 0.95)
#>              2.5 %    97.5 %
#> cp       0.1749670 0.2908595
#> b        0.4527818 0.5694797
#> a        0.4233372 0.5369379
#> X~~X     0.9632721 1.1600025
#> Y~~Y     0.4999953 0.6058891
#> M~~M     0.6849004 0.8278695
#> indirect 0.2072944 0.2870281
#> direct   0.1749670 0.2908595
#> total    0.4216365 0.5339449
```

## Standardized Monte Carlo Confidence Intervals


```r
fit <- sem(data = df, model = model, fixed.x = FALSE)
unstd <- MCMI(fit, mi = mi, R = 20000L, alpha = 0.05)
```


```r
std <- MCStd(unstd, alpha = 0.05)
```

## Methods

### print


```r
print(std)
#> Standardized Monte Carlo Confidence Intervals
#>             est     se     R   2.5%  97.5%
#> cp       0.2450 0.0305 20000 0.1796 0.3001
#> b        0.5189 0.0272 20000 0.4597 0.5664
#> a        0.5031 0.0259 20000 0.4429 0.5452
#> X~~X     1.0000 0.0000 20000 1.0000 1.0000
#> Y~~Y     0.5429 0.0252 20000 0.5063 0.6052
#> M~~M     0.7469 0.0256 20000 0.7027 0.8038
#> indirect 0.2610 0.0190 20000 0.2169 0.2913
#> direct   0.2450 0.0305 20000 0.1796 0.3001
#> total    0.5060 0.0263 20000 0.4412 0.5438
```

### summary


```r
summary(std)
#> Standardized Monte Carlo Confidence Intervals
#>             est     se     R   2.5%  97.5%
#> cp       0.2450 0.0305 20000 0.1796 0.3001
#> b        0.5189 0.0272 20000 0.4597 0.5664
#> a        0.5031 0.0259 20000 0.4429 0.5452
#> X~~X     1.0000 0.0000 20000 1.0000 1.0000
#> Y~~Y     0.5429 0.0252 20000 0.5063 0.6052
#> M~~M     0.7469 0.0256 20000 0.7027 0.8038
#> indirect 0.2610 0.0190 20000 0.2169 0.2913
#> direct   0.2450 0.0305 20000 0.1796 0.3001
#> total    0.5060 0.0263 20000 0.4412 0.5438
```

### coef


```r
coef(std)
#>        cp         b         a      X~~X      Y~~Y      M~~M  indirect    direct 
#> 0.2449797 0.5188628 0.5030687 1.0000000 0.5428754 0.7469219 0.2610236 0.2449797 
#>     total 
#> 0.5060033
```

### vcov


```r
vcov(std)
#>                     cp             b             a          X~~X          Y~~Y
#> cp        9.284358e-04 -5.953752e-04 -8.705080e-06 -1.249930e-20 -1.615932e-04
#> b        -5.953752e-04  7.385808e-04  1.860123e-06 -3.716584e-22 -3.453317e-04
#> a        -8.705080e-06  1.860123e-06  6.731409e-04 -1.552577e-20 -1.583352e-04
#> X~~X     -1.249930e-20 -3.716584e-22 -1.552577e-20  1.185631e-32  1.536279e-20
#> Y~~Y     -1.615932e-04 -3.453317e-04 -1.583352e-04  1.536279e-20  6.349818e-04
#> M~~M      8.530516e-06 -1.893936e-06 -6.644483e-04  1.542271e-20  1.564299e-04
#> indirect -2.987604e-04  3.661602e-04  3.463821e-04 -8.003770e-21 -2.519401e-04
#> direct    9.284358e-04 -5.953752e-04 -8.705080e-06 -1.249930e-20 -1.615932e-04
#> total     6.296754e-04 -2.292150e-04  3.376770e-04 -2.050307e-20 -4.135333e-04
#>                   M~~M      indirect        direct         total
#> cp        8.530516e-06 -2.987604e-04  9.284358e-04  6.296754e-04
#> b        -1.893936e-06  3.661602e-04 -5.953752e-04 -2.292150e-04
#> a        -6.644483e-04  3.463821e-04 -8.705080e-06  3.376770e-04
#> X~~X      1.542271e-20 -8.003770e-21 -1.249930e-20 -2.050307e-20
#> Y~~Y      1.564299e-04 -2.519401e-04 -1.615932e-04 -4.135333e-04
#> M~~M      6.567694e-04 -3.419535e-04  8.530516e-06 -3.334230e-04
#> indirect -3.419535e-04  3.593316e-04 -2.987604e-04  6.057114e-05
#> direct    8.530516e-06 -2.987604e-04  9.284358e-04  6.296754e-04
#> total    -3.334230e-04  6.057114e-05  6.296754e-04  6.902466e-04
```

### confint


```r
confint(std, level = 0.95)
#>              2.5 %    97.5 %
#> cp       0.1795603 0.3000501
#> b        0.4597437 0.5664189
#> a        0.4428958 0.5452194
#> X~~X     1.0000000 1.0000000
#> Y~~Y     0.5063490 0.6052225
#> M~~M     0.7027358 0.8038433
#> indirect 0.2169355 0.2913276
#> direct   0.1795603 0.3000501
#> total    0.4412202 0.5438297
```

## References
