---
title: "semmcci: Methods (MC)"
author: "Ivan Jacob Agaloos Pesigan"
date: "2023-08-08"
bibliography: "vignettes.bib"
csl: https://raw.githubusercontent.com/citation-style-language/styles/master/apa.csl
nocite: |
  @Pesigan-Cheung-2023
output:
  rmarkdown::html_vignette:
    toc: true
vignette: >
  %\VignetteIndexEntry{semmcci: Methods (MC)}
  %\VignetteEngine{knitr::rmarkdown}
  %\VignetteEncoding{UTF-8}
---

<!-- vignettes/methods-mc.Rmd is generated from .setup/vignettes/methods-mc.Rmd.orig. Please edit that file -->






```r
library(semmcci)
library(lavaan)
```

## Data




```r
summary(df)
#>        X                   M                   Y           
#>  Min.   :-3.199558   Min.   :-3.371276   Min.   :-3.61432  
#>  1st Qu.:-0.636035   1st Qu.:-0.692640   1st Qu.:-0.66146  
#>  Median : 0.011377   Median : 0.007125   Median :-0.04726  
#>  Mean   :-0.003207   Mean   :-0.023968   Mean   :-0.01677  
#>  3rd Qu.: 0.651951   3rd Qu.: 0.647363   3rd Qu.: 0.62640  
#>  Max.   : 3.470910   Max.   : 2.963216   Max.   : 3.09950
colMeans(df)
#>            X            M            Y 
#> -0.003206987 -0.023968103 -0.016774294
var(df)
#>           X         M         Y
#> X 1.0600162 0.5108780 0.5069458
#> M 0.5108780 0.9996606 0.6272104
#> Y 0.5069458 0.6272104 0.9837255
```

## Model Specification


```r
model <- "
  Y ~ cp * X + b * M
  M ~ a * X
  indirect := a * b
  direct := cp
  total := cp + (a * b)
"
```

## Model Fitting


```r
fit <- sem(data = df, model = model)
```

## Monte Carlo Confidence Intervals


```r
unstd <- MC(fit, R = 20000L, alpha = 0.05)
```

## Methods

### print


```r
print(unstd)
#> Monte Carlo Confidence Intervals
#>             est     se     R   2.5%  97.5%
#> cp       0.2333 0.0262 20000 0.1827 0.2852
#> b        0.5082 0.0267 20000 0.4560 0.5615
#> a        0.4820 0.0266 20000 0.4294 0.5333
#> Y~~Y     0.5462 0.0244 20000 0.4982 0.5933
#> M~~M     0.7527 0.0335 20000 0.6872 0.8179
#> X~~X     1.0590 0.0000 20000 1.0590 1.0590
#> indirect 0.2449 0.0187 20000 0.2095 0.2822
#> direct   0.2333 0.0262 20000 0.1827 0.2852
#> total    0.4782 0.0266 20000 0.4255 0.5307
```

### summary


```r
summary(unstd)
#> Monte Carlo Confidence Intervals
#>             est     se     R   2.5%  97.5%
#> cp       0.2333 0.0262 20000 0.1827 0.2852
#> b        0.5082 0.0267 20000 0.4560 0.5615
#> a        0.4820 0.0266 20000 0.4294 0.5333
#> Y~~Y     0.5462 0.0244 20000 0.4982 0.5933
#> M~~M     0.7527 0.0335 20000 0.6872 0.8179
#> X~~X     1.0590 0.0000 20000 1.0590 1.0590
#> indirect 0.2449 0.0187 20000 0.2095 0.2822
#> direct   0.2333 0.0262 20000 0.1827 0.2852
#> total    0.4782 0.0266 20000 0.4255 0.5307
```

### coef


```r
coef(unstd)
#>        cp         b         a      Y~~Y      M~~M      X~~X  indirect    direct 
#> 0.2333230 0.5081833 0.4819530 0.5461589 0.7526879 1.0589562 0.2449205 0.2333230 
#>     total 
#> 0.4782435
```

### vcov


```r
vcov(unstd)
#>                     cp             b             a          Y~~Y          M~~M
#> cp        6.850520e-04 -3.468413e-04  5.287686e-06 -7.167665e-06  7.098012e-06
#> b        -3.468413e-04  7.147051e-04  2.425619e-06  6.294105e-06  8.992705e-07
#> a         5.287686e-06  2.425619e-06  7.076569e-04 -5.393349e-07 -5.720184e-06
#> Y~~Y     -7.167665e-06  6.294105e-06 -5.393349e-07  5.964676e-04 -3.029765e-06
#> M~~M      7.098012e-06  8.992705e-07 -5.720184e-06 -3.029765e-06  1.123807e-03
#> X~~X      0.000000e+00  0.000000e+00  0.000000e+00  0.000000e+00  0.000000e+00
#> indirect -1.644007e-04  3.454028e-04  3.607796e-04  2.769736e-06 -2.136522e-06
#> direct    6.850520e-04 -3.468413e-04  5.287686e-06 -7.167665e-06  7.098012e-06
#> total     5.206513e-04 -1.438522e-06  3.660673e-04 -4.397930e-06  4.961489e-06
#>          X~~X      indirect        direct         total
#> cp          0 -1.644007e-04  6.850520e-04  5.206513e-04
#> b           0  3.454028e-04 -3.468413e-04 -1.438522e-06
#> a           0  3.607796e-04  5.287686e-06  3.660673e-04
#> Y~~Y        0  2.769736e-06 -7.167665e-06 -4.397930e-06
#> M~~M        0 -2.136522e-06  7.098012e-06  4.961489e-06
#> X~~X        0  0.000000e+00  0.000000e+00  0.000000e+00
#> indirect    0  3.501728e-04 -1.644007e-04  1.857721e-04
#> direct      0 -1.644007e-04  6.850520e-04  5.206513e-04
#> total       0  1.857721e-04  5.206513e-04  7.064234e-04
```

### confint


```r
confint(unstd, level = 0.95)
#>              2.5 %    97.5 %
#> cp       0.1826596 0.2852081
#> b        0.4560060 0.5614818
#> a        0.4293731 0.5333337
#> Y~~Y     0.4981878 0.5933290
#> M~~M     0.6871893 0.8178741
#> X~~X     1.0589562 1.0589562
#> indirect 0.2094840 0.2822436
#> direct   0.1826596 0.2852081
#> total    0.4255286 0.5306939
```

## Standardized Monte Carlo Confidence Intervals


```r
fit <- sem(data = df, model = model, fixed.x = FALSE)
unstd <- MC(fit, R = 20000L, alpha = 0.05)
```


```r
std <- MCStd(unstd, alpha = 0.05)
```

## Methods

### print


```r
print(std)
#> Standardized Monte Carlo Confidence Intervals
#>             est     se     R   2.5%  97.5%
#> cp       0.2422 0.0270 20000 0.1892 0.2949
#> b        0.5123 0.0246 20000 0.4626 0.5594
#> a        0.4963 0.0237 20000 0.4486 0.5417
#> Y~~Y     0.5558 0.0232 20000 0.5102 0.6013
#> M~~M     0.7537 0.0235 20000 0.7065 0.7988
#> X~~X     1.0000 0.0000 20000 1.0000 1.0000
#> indirect 0.2542 0.0174 20000 0.2203 0.2884
#> direct   0.2422 0.0270 20000 0.1892 0.2949
#> total    0.4964 0.0239 20000 0.4485 0.5424
```

### summary


```r
summary(std)
#> Standardized Monte Carlo Confidence Intervals
#>             est     se     R   2.5%  97.5%
#> cp       0.2422 0.0270 20000 0.1892 0.2949
#> b        0.5123 0.0246 20000 0.4626 0.5594
#> a        0.4963 0.0237 20000 0.4486 0.5417
#> Y~~Y     0.5558 0.0232 20000 0.5102 0.6013
#> M~~M     0.7537 0.0235 20000 0.7065 0.7988
#> X~~X     1.0000 0.0000 20000 1.0000 1.0000
#> indirect 0.2542 0.0174 20000 0.2203 0.2884
#> direct   0.2422 0.0270 20000 0.1892 0.2949
#> total    0.4964 0.0239 20000 0.4485 0.5424
```

### coef


```r
coef(std)
#>        cp         b         a      Y~~Y      M~~M      X~~X  indirect    direct 
#> 0.2422015 0.5122827 0.4962890 0.5557501 0.7536972 1.0000000 0.2542403 0.2422015 
#>     total 
#> 0.4964418
```

### vcov


```r
vcov(std)
#>                     cp             b             a          Y~~Y          M~~M
#> cp        7.295706e-04 -4.753756e-04  9.853948e-06 -1.253828e-04 -1.002216e-05
#> b        -4.753756e-04  6.058635e-04  1.033452e-05 -2.957246e-04 -1.017498e-05
#> a         9.853948e-06  1.033452e-05  5.607329e-04 -1.616002e-04 -5.555527e-04
#> Y~~Y     -1.253828e-04 -2.957246e-04 -1.616002e-04  5.380124e-04  1.602971e-04
#> M~~M     -1.002216e-05 -1.017498e-05 -5.555527e-04  1.602971e-04  5.510544e-04
#> X~~X      2.575586e-20 -2.556146e-20 -2.679772e-20  1.356690e-20  2.686957e-20
#> indirect -2.310448e-04  3.061251e-04  2.918987e-04 -2.293429e-04 -2.891824e-04
#> direct    7.295706e-04 -4.753756e-04  9.853948e-06 -1.253828e-04 -1.002216e-05
#> total     4.985258e-04 -1.692505e-04  3.017526e-04 -3.547257e-04 -2.992045e-04
#>                   X~~X      indirect        direct         total
#> cp        2.575586e-20 -2.310448e-04  7.295706e-04  4.985258e-04
#> b        -2.556146e-20  3.061251e-04 -4.753756e-04 -1.692505e-04
#> a        -2.679772e-20  2.918987e-04  9.853948e-06  3.017526e-04
#> Y~~Y      1.356690e-20 -2.293429e-04 -1.253828e-04 -3.547257e-04
#> M~~M      2.686957e-20 -2.891824e-04 -1.002216e-05 -2.992045e-04
#> X~~X      1.210407e-32 -2.648520e-20  2.575586e-20 -7.293343e-22
#> indirect -2.648520e-20  3.016361e-04 -2.310448e-04  7.059133e-05
#> direct    2.575586e-20 -2.310448e-04  7.295706e-04  4.985258e-04
#> total    -7.293343e-22  7.059133e-05  4.985258e-04  5.691172e-04
```

### confint


```r
confint(std, level = 0.95)
#>              2.5 %    97.5 %
#> cp       0.1891716 0.2948796
#> b        0.4625673 0.5593987
#> a        0.4485948 0.5417193
#> Y~~Y     0.5101614 0.6012514
#> M~~M     0.7065402 0.7987627
#> X~~X     1.0000000 1.0000000
#> indirect 0.2203117 0.2884117
#> direct   0.1891716 0.2948796
#> total    0.4484949 0.5424198
```

# References
