---
title: "semmcci: Methods (MC)"
author: "Ivan Jacob Agaloos Pesigan"
date: "2023-08-29"
bibliography: "vignettes.bib"
csl: https://raw.githubusercontent.com/citation-style-language/styles/master/apa.csl
nocite: |
  @Pesigan-Cheung-2023
output:
  rmarkdown::html_vignette:
    toc: true
vignette: >
  %\VignetteIndexEntry{semmcci: Methods (MC)}
  %\VignetteEngine{knitr::rmarkdown}
  %\VignetteEncoding{UTF-8}
---

<!-- vignettes/methods-mc.Rmd is generated from .setup/vignettes/methods-mc.Rmd.orig. Please edit that file -->






```r
library(semmcci)
library(lavaan)
```

## Data




```r
summary(df)
#>        X                   M                   Y           
#>  Min.   :-3.199558   Min.   :-3.371276   Min.   :-3.61432  
#>  1st Qu.:-0.636035   1st Qu.:-0.692640   1st Qu.:-0.66146  
#>  Median : 0.011377   Median : 0.007125   Median :-0.04726  
#>  Mean   :-0.003207   Mean   :-0.023968   Mean   :-0.01677  
#>  3rd Qu.: 0.651951   3rd Qu.: 0.647363   3rd Qu.: 0.62640  
#>  Max.   : 3.470910   Max.   : 2.963216   Max.   : 3.09950
colMeans(df)
#>            X            M            Y 
#> -0.003206987 -0.023968103 -0.016774294
var(df)
#>           X         M         Y
#> X 1.0600162 0.5108780 0.5069458
#> M 0.5108780 0.9996606 0.6272104
#> Y 0.5069458 0.6272104 0.9837255
```

## Model Specification


```r
model <- "
  Y ~ cp * X + b * M
  M ~ a * X
  indirect := a * b
  direct := cp
  total := cp + (a * b)
"
```

## Model Fitting


```r
fit <- sem(data = df, model = model)
```

## Monte Carlo Confidence Intervals


```r
unstd <- MC(fit, R = 20000L, alpha = 0.05)
```

## Methods

### print


```r
print(unstd)
#> Monte Carlo Confidence Intervals
#>             est     se     R   2.5%  97.5%
#> cp       0.2333 0.0263 20000 0.1812 0.2845
#> b        0.5082 0.0269 20000 0.4563 0.5615
#> a        0.4820 0.0265 20000 0.4299 0.5335
#> Y~~Y     0.5462 0.0244 20000 0.4976 0.5940
#> M~~M     0.7527 0.0336 20000 0.6869 0.8192
#> X~~X     1.0590 0.0000 20000 1.0590 1.0590
#> indirect 0.2449 0.0186 20000 0.2095 0.2824
#> direct   0.2333 0.0263 20000 0.1812 0.2845
#> total    0.4782 0.0265 20000 0.4267 0.5302
```

### summary


```r
summary(unstd)
#> Monte Carlo Confidence Intervals
#>             est     se     R   2.5%  97.5%
#> cp       0.2333 0.0263 20000 0.1812 0.2845
#> b        0.5082 0.0269 20000 0.4563 0.5615
#> a        0.4820 0.0265 20000 0.4299 0.5335
#> Y~~Y     0.5462 0.0244 20000 0.4976 0.5940
#> M~~M     0.7527 0.0336 20000 0.6869 0.8192
#> X~~X     1.0590 0.0000 20000 1.0590 1.0590
#> indirect 0.2449 0.0186 20000 0.2095 0.2824
#> direct   0.2333 0.0263 20000 0.1812 0.2845
#> total    0.4782 0.0265 20000 0.4267 0.5302
```

### coef


```r
coef(unstd)
#>        cp         b         a      Y~~Y      M~~M      X~~X  indirect    direct 
#> 0.2333230 0.5081833 0.4819530 0.5461589 0.7526879 1.0589562 0.2449205 0.2333230 
#>     total 
#> 0.4782435
```

### vcov


```r
vcov(unstd)
#>                     cp             b             a          Y~~Y          M~~M
#> cp        6.940497e-04 -3.540955e-04  2.369539e-06  1.734019e-06 -4.609972e-06
#> b        -3.540955e-04  7.250088e-04 -8.997112e-06 -1.956744e-06  2.289138e-06
#> a         2.369539e-06 -8.997112e-06  7.019705e-04 -6.368813e-06  6.356412e-06
#> Y~~Y      1.734019e-06 -1.956744e-06 -6.368813e-06  5.977106e-04  1.688676e-05
#> M~~M     -4.609972e-06  2.289138e-06  6.356412e-06  1.688676e-05  1.128935e-03
#> X~~X      0.000000e+00  0.000000e+00  0.000000e+00  0.000000e+00  0.000000e+00
#> indirect -1.693899e-04  3.446708e-04  3.525756e-04 -4.170894e-06  4.341762e-06
#> direct    6.940497e-04 -3.540955e-04  2.369539e-06  1.734019e-06 -4.609972e-06
#> total     5.246599e-04 -9.424668e-06  3.549451e-04 -2.436875e-06 -2.682102e-07
#>          X~~X      indirect        direct         total
#> cp          0 -1.693899e-04  6.940497e-04  5.246599e-04
#> b           0  3.446708e-04 -3.540955e-04 -9.424668e-06
#> a           0  3.525756e-04  2.369539e-06  3.549451e-04
#> Y~~Y        0 -4.170894e-06  1.734019e-06 -2.436875e-06
#> M~~M        0  4.341762e-06 -4.609972e-06 -2.682102e-07
#> X~~X        0  0.000000e+00  0.000000e+00  0.000000e+00
#> indirect    0  3.457992e-04 -1.693899e-04  1.764093e-04
#> direct      0 -1.693899e-04  6.940497e-04  5.246599e-04
#> total       0  1.764093e-04  5.246599e-04  7.010691e-04
```

### confint


```r
confint(unstd, level = 0.95)
#>              2.5 %    97.5 %
#> cp       0.1812045 0.2845067
#> b        0.4562892 0.5614695
#> a        0.4298577 0.5335399
#> Y~~Y     0.4976071 0.5939894
#> M~~M     0.6869257 0.8192210
#> X~~X     1.0589562 1.0589562
#> indirect 0.2094935 0.2824120
#> direct   0.1812045 0.2845067
#> total    0.4266997 0.5302127
```

## Standardized Monte Carlo Confidence Intervals


```r
fit <- sem(data = df, model = model, fixed.x = FALSE)
unstd <- MC(fit, R = 20000L, alpha = 0.05)
```


```r
std <- MCStd(unstd, alpha = 0.05)
```

## Methods

### print


```r
print(std)
#> Standardized Monte Carlo Confidence Intervals
#>             est     se     R   2.5%  97.5%
#> cp       0.2422 0.0269 20000 0.1890 0.2942
#> b        0.5123 0.0245 20000 0.4636 0.5603
#> a        0.4963 0.0239 20000 0.4486 0.5426
#> Y~~Y     0.5558 0.0235 20000 0.5093 0.6011
#> M~~M     0.7537 0.0237 20000 0.7056 0.7987
#> X~~X     1.0000 0.0000 20000 1.0000 1.0000
#> indirect 0.2542 0.0175 20000 0.2202 0.2891
#> direct   0.2422 0.0269 20000 0.1890 0.2942
#> total    0.4964 0.0240 20000 0.4475 0.5418
```

### summary


```r
summary(std)
#> Standardized Monte Carlo Confidence Intervals
#>             est     se     R   2.5%  97.5%
#> cp       0.2422 0.0269 20000 0.1890 0.2942
#> b        0.5123 0.0245 20000 0.4636 0.5603
#> a        0.4963 0.0239 20000 0.4486 0.5426
#> Y~~Y     0.5558 0.0235 20000 0.5093 0.6011
#> M~~M     0.7537 0.0237 20000 0.7056 0.7987
#> X~~X     1.0000 0.0000 20000 1.0000 1.0000
#> indirect 0.2542 0.0175 20000 0.2202 0.2891
#> direct   0.2422 0.0269 20000 0.1890 0.2942
#> total    0.4964 0.0240 20000 0.4475 0.5418
```

### coef


```r
coef(std)
#>        cp         b         a      Y~~Y      M~~M      X~~X  indirect    direct 
#> 0.2422015 0.5122827 0.4962890 0.5557501 0.7536972 1.0000000 0.2542403 0.2422015 
#>     total 
#> 0.4964418
```

### vcov


```r
vcov(std)
#>                     cp             b             a          Y~~Y          M~~M
#> cp        7.232291e-04 -4.672425e-04  1.010193e-05 -1.285492e-04 -9.851919e-06
#> b        -4.672425e-04  6.022381e-04  1.862235e-05 -3.021612e-04 -1.854835e-05
#> a         1.010193e-05  1.862235e-05  5.700147e-04 -1.738450e-04 -5.646511e-04
#> Y~~Y     -1.285492e-04 -3.021612e-04 -1.738450e-04  5.523530e-04  1.722024e-04
#> M~~M     -9.851919e-06 -1.854835e-05 -5.646511e-04  1.722024e-04  5.599946e-04
#> X~~X     -1.368866e-20  1.748385e-20 -1.208847e-20 -5.149608e-21  1.184288e-20
#> indirect -2.264157e-04  3.079460e-04  3.013874e-04 -2.386507e-04 -2.986196e-04
#> direct    7.232291e-04 -4.672425e-04  1.010193e-05 -1.285492e-04 -9.851919e-06
#> total     4.968135e-04 -1.592965e-04  3.114893e-04 -3.671999e-04 -3.084715e-04
#>                   X~~X      indirect        direct         total
#> cp       -1.368866e-20 -2.264157e-04  7.232291e-04  4.968135e-04
#> b         1.748385e-20  3.079460e-04 -4.672425e-04 -1.592965e-04
#> a        -1.208847e-20  3.013874e-04  1.010193e-05  3.114893e-04
#> Y~~Y     -5.149608e-21 -2.386507e-04 -1.285492e-04 -3.671999e-04
#> M~~M      1.184288e-20 -2.986196e-04 -9.851919e-06 -3.084715e-04
#> X~~X      1.190438e-32  1.852735e-21 -1.368866e-20 -1.183593e-20
#> indirect  1.852735e-21  3.073997e-04 -2.264157e-04  8.098398e-05
#> direct   -1.368866e-20 -2.264157e-04  7.232291e-04  4.968135e-04
#> total    -1.183593e-20  8.098398e-05  4.968135e-04  5.777974e-04
```

### confint


```r
confint(std, level = 0.95)
#>              2.5 %    97.5 %
#> cp       0.1890160 0.2942463
#> b        0.4636004 0.5602935
#> a        0.4486205 0.5426022
#> Y~~Y     0.5092557 0.6010535
#> M~~M     0.7055829 0.7987396
#> X~~X     1.0000000 1.0000000
#> indirect 0.2201834 0.2891314
#> direct   0.1890160 0.2942463
#> total    0.4475055 0.5418165
```

# References
