---
title: "semmcci: Methods (MC)"
author: "Ivan Jacob Agaloos Pesigan"
date: "2023-08-10"
bibliography: "vignettes.bib"
csl: https://raw.githubusercontent.com/citation-style-language/styles/master/apa.csl
nocite: |
  @Pesigan-Cheung-2023
output:
  rmarkdown::html_vignette:
    toc: true
vignette: >
  %\VignetteIndexEntry{semmcci: Methods (MC)}
  %\VignetteEngine{knitr::rmarkdown}
  %\VignetteEncoding{UTF-8}
---

<!-- vignettes/methods-mc.Rmd is generated from .setup/vignettes/methods-mc.Rmd.orig. Please edit that file -->






```r
library(semmcci)
library(lavaan)
```

## Data




```r
summary(df)
#>        X                   M                   Y           
#>  Min.   :-3.199558   Min.   :-3.371276   Min.   :-3.61432  
#>  1st Qu.:-0.636035   1st Qu.:-0.692640   1st Qu.:-0.66146  
#>  Median : 0.011377   Median : 0.007125   Median :-0.04726  
#>  Mean   :-0.003207   Mean   :-0.023968   Mean   :-0.01677  
#>  3rd Qu.: 0.651951   3rd Qu.: 0.647363   3rd Qu.: 0.62640  
#>  Max.   : 3.470910   Max.   : 2.963216   Max.   : 3.09950
colMeans(df)
#>            X            M            Y 
#> -0.003206987 -0.023968103 -0.016774294
var(df)
#>           X         M         Y
#> X 1.0600162 0.5108780 0.5069458
#> M 0.5108780 0.9996606 0.6272104
#> Y 0.5069458 0.6272104 0.9837255
```

## Model Specification


```r
model <- "
  Y ~ cp * X + b * M
  M ~ a * X
  indirect := a * b
  direct := cp
  total := cp + (a * b)
"
```

## Model Fitting


```r
fit <- sem(data = df, model = model)
```

## Monte Carlo Confidence Intervals


```r
unstd <- MC(fit, R = 20000L, alpha = 0.05)
```

## Methods

### print


```r
print(unstd)
#> Monte Carlo Confidence Intervals
#>             est     se     R   2.5%  97.5%
#> cp       0.2333 0.0260 20000 0.1823 0.2836
#> b        0.5082 0.0270 20000 0.4556 0.5609
#> a        0.4820 0.0267 20000 0.4289 0.5340
#> Y~~Y     0.5462 0.0244 20000 0.4985 0.5946
#> M~~M     0.7527 0.0338 20000 0.6871 0.8192
#> X~~X     1.0590 0.0000 20000 1.0590 1.0590
#> indirect 0.2449 0.0187 20000 0.2090 0.2827
#> direct   0.2333 0.0260 20000 0.1823 0.2836
#> total    0.4782 0.0264 20000 0.4261 0.5291
```

### summary


```r
summary(unstd)
#> Monte Carlo Confidence Intervals
#>             est     se     R   2.5%  97.5%
#> cp       0.2333 0.0260 20000 0.1823 0.2836
#> b        0.5082 0.0270 20000 0.4556 0.5609
#> a        0.4820 0.0267 20000 0.4289 0.5340
#> Y~~Y     0.5462 0.0244 20000 0.4985 0.5946
#> M~~M     0.7527 0.0338 20000 0.6871 0.8192
#> X~~X     1.0590 0.0000 20000 1.0590 1.0590
#> indirect 0.2449 0.0187 20000 0.2090 0.2827
#> direct   0.2333 0.0260 20000 0.1823 0.2836
#> total    0.4782 0.0264 20000 0.4261 0.5291
```

### coef


```r
coef(unstd)
#>        cp         b         a      Y~~Y      M~~M      X~~X  indirect    direct 
#> 0.2333230 0.5081833 0.4819530 0.5461589 0.7526879 1.0589562 0.2449205 0.2333230 
#>     total 
#> 0.4782435
```

### vcov


```r
vcov(unstd)
#>                     cp             b             a          Y~~Y          M~~M
#> cp        6.762517e-04 -3.506345e-04  8.122028e-06 -8.037202e-06  2.641551e-06
#> b        -3.506345e-04  7.271825e-04 -6.398292e-06  9.330621e-06 -1.101711e-06
#> a         8.122028e-06 -6.398292e-06  7.140268e-04  6.199768e-07 -7.303056e-06
#> Y~~Y     -8.037202e-06  9.330621e-06  6.199768e-07  5.949855e-04  7.568908e-06
#> M~~M      2.641551e-06 -1.101711e-06 -7.303056e-06  7.568908e-06  1.144450e-03
#> X~~X      0.000000e+00  0.000000e+00  0.000000e+00  0.000000e+00  0.000000e+00
#> indirect -1.648156e-04  3.471309e-04  3.596809e-04  4.835578e-06 -4.182165e-06
#> direct    6.762517e-04 -3.506345e-04  8.122028e-06 -8.037202e-06  2.641551e-06
#> total     5.114362e-04 -3.503599e-06  3.678029e-04 -3.201624e-06 -1.540615e-06
#>          X~~X      indirect        direct         total
#> cp          0 -1.648156e-04  6.762517e-04  5.114362e-04
#> b           0  3.471309e-04 -3.506345e-04 -3.503599e-06
#> a           0  3.596809e-04  8.122028e-06  3.678029e-04
#> Y~~Y        0  4.835578e-06 -8.037202e-06 -3.201624e-06
#> M~~M        0 -4.182165e-06  2.641551e-06 -1.540615e-06
#> X~~X        0  0.000000e+00  0.000000e+00  0.000000e+00
#> indirect    0  3.505125e-04 -1.648156e-04  1.856969e-04
#> direct      0 -1.648156e-04  6.762517e-04  5.114362e-04
#> total       0  1.856969e-04  5.114362e-04  6.971331e-04
```

### confint


```r
confint(unstd, level = 0.95)
#>              2.5 %    97.5 %
#> cp       0.1823071 0.2836458
#> b        0.4555620 0.5609411
#> a        0.4289404 0.5339849
#> Y~~Y     0.4984997 0.5946369
#> M~~M     0.6871057 0.8191623
#> X~~X     1.0589562 1.0589562
#> indirect 0.2089909 0.2827124
#> direct   0.1823071 0.2836458
#> total    0.4260742 0.5291201
```

## Standardized Monte Carlo Confidence Intervals


```r
fit <- sem(data = df, model = model, fixed.x = FALSE)
unstd <- MC(fit, R = 20000L, alpha = 0.05)
```


```r
std <- MCStd(unstd, alpha = 0.05)
```

## Methods

### print


```r
print(std)
#> Standardized Monte Carlo Confidence Intervals
#>             est     se     R   2.5%  97.5%
#> cp       0.2422 0.0266 20000 0.1902 0.2938
#> b        0.5123 0.0244 20000 0.4631 0.5595
#> a        0.4963 0.0238 20000 0.4481 0.5409
#> Y~~Y     0.5558 0.0235 20000 0.5095 0.6015
#> M~~M     0.7537 0.0236 20000 0.7074 0.7992
#> X~~X     1.0000 0.0000 20000 1.0000 1.0000
#> indirect 0.2542 0.0175 20000 0.2196 0.2886
#> direct   0.2422 0.0266 20000 0.1902 0.2938
#> total    0.4964 0.0237 20000 0.4489 0.5414
```

### summary


```r
summary(std)
#> Standardized Monte Carlo Confidence Intervals
#>             est     se     R   2.5%  97.5%
#> cp       0.2422 0.0266 20000 0.1902 0.2938
#> b        0.5123 0.0244 20000 0.4631 0.5595
#> a        0.4963 0.0238 20000 0.4481 0.5409
#> Y~~Y     0.5558 0.0235 20000 0.5095 0.6015
#> M~~M     0.7537 0.0236 20000 0.7074 0.7992
#> X~~X     1.0000 0.0000 20000 1.0000 1.0000
#> indirect 0.2542 0.0175 20000 0.2196 0.2886
#> direct   0.2422 0.0266 20000 0.1902 0.2938
#> total    0.4964 0.0237 20000 0.4489 0.5414
```

### coef


```r
coef(std)
#>        cp         b         a      Y~~Y      M~~M      X~~X  indirect    direct 
#> 0.2422015 0.5122827 0.4962890 0.5557501 0.7536972 1.0000000 0.2542403 0.2422015 
#>     total 
#> 0.4964418
```

### vcov


```r
vcov(std)
#>                     cp             b             a          Y~~Y          M~~M
#> cp        7.050693e-04 -4.574090e-04  4.051174e-06 -1.221048e-04 -4.071686e-06
#> b        -4.574090e-04  5.972154e-04  2.306110e-05 -3.059639e-04 -2.280127e-05
#> a         4.051174e-06  2.306110e-05  5.662419e-04 -1.729951e-04 -5.604584e-04
#> Y~~Y     -1.221048e-04 -3.059639e-04 -1.729951e-04  5.504111e-04  1.712743e-04
#> M~~M     -4.071686e-06 -2.280127e-05 -5.604584e-04  1.712743e-04  5.553587e-04
#> X~~X     -2.925771e-20 -2.687775e-21 -1.868306e-20  3.707366e-20  1.771150e-20
#> indirect -2.247853e-04  3.077753e-04  3.012833e-04 -2.399299e-04 -2.982214e-04
#> direct    7.050693e-04 -4.574090e-04  4.051174e-06 -1.221048e-04 -4.071686e-06
#> total     4.802840e-04 -1.496338e-04  3.053344e-04 -3.620347e-04 -3.022931e-04
#>                   X~~X      indirect        direct         total
#> cp       -2.925771e-20 -2.247853e-04  7.050693e-04  4.802840e-04
#> b        -2.687775e-21  3.077753e-04 -4.574090e-04 -1.496338e-04
#> a        -1.868306e-20  3.012833e-04  4.051174e-06  3.053344e-04
#> Y~~Y      3.707366e-20 -2.399299e-04 -1.221048e-04 -3.620347e-04
#> M~~M      1.771150e-20 -2.982214e-04 -4.071686e-06 -3.022931e-04
#> X~~X      1.195554e-32 -1.135777e-20 -2.925771e-20 -4.061548e-20
#> indirect -1.135777e-20  3.070939e-04 -2.247853e-04  8.230856e-05
#> direct   -2.925771e-20 -2.247853e-04  7.050693e-04  4.802840e-04
#> total    -4.061548e-20  8.230856e-05  4.802840e-04  5.625926e-04
```

### confint


```r
confint(std, level = 0.95)
#>              2.5 %    97.5 %
#> cp       0.1902421 0.2937666
#> b        0.4631454 0.5594677
#> a        0.4480991 0.5409240
#> Y~~Y     0.5095159 0.6015417
#> M~~M     0.7074012 0.7992072
#> X~~X     1.0000000 1.0000000
#> indirect 0.2196299 0.2885764
#> direct   0.1902421 0.2937666
#> total    0.4488885 0.5414271
```

# References
