---
title: "semmcci: Methods (MC)"
author: "Ivan Jacob Agaloos Pesigan"
date: "2023-08-08"
bibliography: "vignettes.bib"
csl: https://raw.githubusercontent.com/citation-style-language/styles/master/apa.csl
nocite: |
  @Pesigan-Cheung-2023
output:
  rmarkdown::html_vignette:
    toc: true
vignette: >
  %\VignetteIndexEntry{semmcci: Methods (MC)}
  %\VignetteEngine{knitr::rmarkdown}
  %\VignetteEncoding{UTF-8}
---

<!-- vignettes/methods-mc.Rmd is generated from .setup/vignettes/methods-mc.Rmd.orig. Please edit that file -->






```r
library(semmcci)
library(lavaan)
```

## Data




```r
summary(df)
#>        X                   M                   Y           
#>  Min.   :-3.199558   Min.   :-3.371276   Min.   :-3.61432  
#>  1st Qu.:-0.636035   1st Qu.:-0.692640   1st Qu.:-0.66146  
#>  Median : 0.011377   Median : 0.007125   Median :-0.04726  
#>  Mean   :-0.003207   Mean   :-0.023968   Mean   :-0.01677  
#>  3rd Qu.: 0.651951   3rd Qu.: 0.647363   3rd Qu.: 0.62640  
#>  Max.   : 3.470910   Max.   : 2.963216   Max.   : 3.09950
colMeans(df)
#>            X            M            Y 
#> -0.003206987 -0.023968103 -0.016774294
var(df)
#>           X         M         Y
#> X 1.0600162 0.5108780 0.5069458
#> M 0.5108780 0.9996606 0.6272104
#> Y 0.5069458 0.6272104 0.9837255
```

## Model Specification


```r
model <- "
  Y ~ cp * X + b * M
  M ~ a * X
  indirect := a * b
  direct := cp
  total := cp + (a * b)
"
```

## Model Fitting


```r
fit <- sem(data = df, model = model)
```

## Monte Carlo Confidence Intervals


```r
unstd <- MC(fit, R = 20000L, alpha = 0.05)
```

## Methods

### print


```r
print(unstd)
#> Monte Carlo Confidence Intervals
#>             est     se     R   2.5%  97.5%
#> cp       0.2333 0.0260 20000 0.1822 0.2843
#> b        0.5082 0.0267 20000 0.4558 0.5602
#> a        0.4820 0.0266 20000 0.4306 0.5341
#> Y~~Y     0.5462 0.0244 20000 0.4981 0.5937
#> M~~M     0.7527 0.0336 20000 0.6885 0.8197
#> X~~X     1.0590 0.0000 20000 1.0590 1.0590
#> indirect 0.2449 0.0187 20000 0.2096 0.2828
#> direct   0.2333 0.0260 20000 0.1822 0.2843
#> total    0.4782 0.0264 20000 0.4267 0.5296
```

### summary


```r
summary(unstd)
#> Monte Carlo Confidence Intervals
#>             est     se     R   2.5%  97.5%
#> cp       0.2333 0.0260 20000 0.1822 0.2843
#> b        0.5082 0.0267 20000 0.4558 0.5602
#> a        0.4820 0.0266 20000 0.4306 0.5341
#> Y~~Y     0.5462 0.0244 20000 0.4981 0.5937
#> M~~M     0.7527 0.0336 20000 0.6885 0.8197
#> X~~X     1.0590 0.0000 20000 1.0590 1.0590
#> indirect 0.2449 0.0187 20000 0.2096 0.2828
#> direct   0.2333 0.0260 20000 0.1822 0.2843
#> total    0.4782 0.0264 20000 0.4267 0.5296
```

### coef


```r
coef(unstd)
#>        cp         b         a      Y~~Y      M~~M      X~~X  indirect    direct 
#> 0.2333230 0.5081833 0.4819530 0.5461589 0.7526879 1.0589562 0.2449205 0.2333230 
#>     total 
#> 0.4782435
```

### vcov


```r
vcov(unstd)
#>                     cp             b             a          Y~~Y          M~~M
#> cp        6.762463e-04 -3.395863e-04 -1.456743e-06 -7.571677e-06 -8.298054e-06
#> b        -3.395863e-04  7.118338e-04 -2.641412e-07  2.995712e-06  2.172008e-06
#> a        -1.456743e-06 -2.641412e-07  7.085729e-04  5.504588e-06  1.990534e-06
#> Y~~Y     -7.571677e-06  2.995712e-06  5.504588e-06  5.969935e-04  6.948197e-07
#> M~~M     -8.298054e-06  2.172008e-06  1.990534e-06  6.948197e-07  1.128602e-03
#> X~~X      0.000000e+00  0.000000e+00  0.000000e+00  0.000000e+00  0.000000e+00
#> indirect -1.643886e-04  3.430172e-04  3.600135e-04  4.059255e-06  2.309530e-06
#> direct    6.762463e-04 -3.395863e-04 -1.456743e-06 -7.571677e-06 -8.298054e-06
#> total     5.118577e-04  3.430978e-06  3.585567e-04 -3.512423e-06 -5.988524e-06
#>          X~~X      indirect        direct         total
#> cp          0 -1.643886e-04  6.762463e-04  5.118577e-04
#> b           0  3.430172e-04 -3.395863e-04  3.430978e-06
#> a           0  3.600135e-04 -1.456743e-06  3.585567e-04
#> Y~~Y        0  4.059255e-06 -7.571677e-06 -3.512423e-06
#> M~~M        0  2.309530e-06 -8.298054e-06 -5.988524e-06
#> X~~X        0  0.000000e+00  0.000000e+00  0.000000e+00
#> indirect    0  3.488362e-04 -1.643886e-04  1.844476e-04
#> direct      0 -1.643886e-04  6.762463e-04  5.118577e-04
#> total       0  1.844476e-04  5.118577e-04  6.963053e-04
```

### confint


```r
confint(unstd, level = 0.95)
#>              2.5 %    97.5 %
#> cp       0.1821568 0.2843185
#> b        0.4557670 0.5602338
#> a        0.4305636 0.5340844
#> Y~~Y     0.4980917 0.5937120
#> M~~M     0.6885305 0.8196672
#> X~~X     1.0589562 1.0589562
#> indirect 0.2096349 0.2827734
#> direct   0.1821568 0.2843185
#> total    0.4266857 0.5296042
```

## Standardized Monte Carlo Confidence Intervals


```r
fit <- sem(data = df, model = model, fixed.x = FALSE)
unstd <- MC(fit, R = 20000L, alpha = 0.05)
```


```r
std <- MCStd(unstd, alpha = 0.05)
```

## Methods

### print


```r
print(std)
#> Standardized Monte Carlo Confidence Intervals
#>             est     se     R   2.5%  97.5%
#> cp       0.2422 0.0265 20000 0.1901 0.2940
#> b        0.5123 0.0245 20000 0.4633 0.5592
#> a        0.4963 0.0239 20000 0.4488 0.5425
#> Y~~Y     0.5558 0.0236 20000 0.5091 0.6014
#> M~~M     0.7537 0.0237 20000 0.7057 0.7986
#> X~~X     1.0000 0.0000 20000 1.0000 1.0000
#> indirect 0.2542 0.0176 20000 0.2203 0.2896
#> direct   0.2422 0.0265 20000 0.1901 0.2940
#> total    0.4964 0.0237 20000 0.4492 0.5419
```

### summary


```r
summary(std)
#> Standardized Monte Carlo Confidence Intervals
#>             est     se     R   2.5%  97.5%
#> cp       0.2422 0.0265 20000 0.1901 0.2940
#> b        0.5123 0.0245 20000 0.4633 0.5592
#> a        0.4963 0.0239 20000 0.4488 0.5425
#> Y~~Y     0.5558 0.0236 20000 0.5091 0.6014
#> M~~M     0.7537 0.0237 20000 0.7057 0.7986
#> X~~X     1.0000 0.0000 20000 1.0000 1.0000
#> indirect 0.2542 0.0176 20000 0.2203 0.2896
#> direct   0.2422 0.0265 20000 0.1901 0.2940
#> total    0.4964 0.0237 20000 0.4492 0.5419
```

### coef


```r
coef(std)
#>        cp         b         a      Y~~Y      M~~M      X~~X  indirect    direct 
#> 0.2422015 0.5122827 0.4962890 0.5557501 0.7536972 1.0000000 0.2542403 0.2422015 
#>     total 
#> 0.4964418
```

### vcov


```r
vcov(std)
#>                     cp             b             a          Y~~Y          M~~M
#> cp        7.030960e-04 -4.557422e-04  1.046985e-06 -1.217705e-04 -9.052469e-07
#> b        -4.557422e-04  6.000239e-04  2.291625e-05 -3.111450e-04 -2.293437e-05
#> a         1.046985e-06  2.291625e-05  5.704892e-04 -1.709693e-04 -5.653675e-04
#> Y~~Y     -1.217705e-04 -3.111450e-04 -1.709693e-04  5.564220e-04  1.696009e-04
#> M~~M     -9.052469e-07 -2.293437e-05 -5.653675e-04  1.696009e-04  5.609479e-04
#> X~~X     -6.563776e-21  3.376408e-21 -1.588578e-20  5.891124e-21  1.577918e-20
#> indirect -2.259269e-04  3.096893e-04  3.036450e-04 -2.418516e-04 -3.010559e-04
#> direct    7.030960e-04 -4.557422e-04  1.046985e-06 -1.217705e-04 -9.052469e-07
#> total     4.771691e-04 -1.460529e-04  3.046920e-04 -3.636221e-04 -3.019612e-04
#>                   X~~X      indirect        direct         total
#> cp       -6.563776e-21 -2.259269e-04  7.030960e-04  4.771691e-04
#> b         3.376408e-21  3.096893e-04 -4.557422e-04 -1.460529e-04
#> a        -1.588578e-20  3.036450e-04  1.046985e-06  3.046920e-04
#> Y~~Y      5.891124e-21 -2.418516e-04 -1.217705e-04 -3.636221e-04
#> M~~M      1.577918e-20 -3.010559e-04 -9.052469e-07 -3.019612e-04
#> X~~X      1.190007e-32 -6.712229e-21 -6.563776e-21 -1.327600e-20
#> indirect -6.712229e-21  3.096813e-04 -2.259269e-04  8.375433e-05
#> direct   -6.563776e-21 -2.259269e-04  7.030960e-04  4.771691e-04
#> total    -1.327600e-20  8.375433e-05  4.771691e-04  5.609234e-04
```

### confint


```r
confint(std, level = 0.95)
#>              2.5 %    97.5 %
#> cp       0.1901470 0.2939819
#> b        0.4633472 0.5592290
#> a        0.4487543 0.5424934
#> Y~~Y     0.5090655 0.6014428
#> M~~M     0.7057009 0.7986195
#> X~~X     1.0000000 1.0000000
#> indirect 0.2203215 0.2895975
#> direct   0.1901470 0.2939819
#> total    0.4491883 0.5419024
```

# References
