---
title: "semmcci: Methods (MC)"
author: "Ivan Jacob Agaloos Pesigan"
date: "2023-08-10"
bibliography: "vignettes.bib"
csl: https://raw.githubusercontent.com/citation-style-language/styles/master/apa.csl
nocite: |
  @Pesigan-Cheung-2023
output:
  rmarkdown::html_vignette:
    toc: true
vignette: >
  %\VignetteIndexEntry{semmcci: Methods (MC)}
  %\VignetteEngine{knitr::rmarkdown}
  %\VignetteEncoding{UTF-8}
---

<!-- vignettes/methods-mc.Rmd is generated from .setup/vignettes/methods-mc.Rmd.orig. Please edit that file -->






```r
library(semmcci)
library(lavaan)
```

## Data




```r
summary(df)
#>        X                   M                   Y           
#>  Min.   :-3.199558   Min.   :-3.371276   Min.   :-3.61432  
#>  1st Qu.:-0.636035   1st Qu.:-0.692640   1st Qu.:-0.66146  
#>  Median : 0.011377   Median : 0.007125   Median :-0.04726  
#>  Mean   :-0.003207   Mean   :-0.023968   Mean   :-0.01677  
#>  3rd Qu.: 0.651951   3rd Qu.: 0.647363   3rd Qu.: 0.62640  
#>  Max.   : 3.470910   Max.   : 2.963216   Max.   : 3.09950
colMeans(df)
#>            X            M            Y 
#> -0.003206987 -0.023968103 -0.016774294
var(df)
#>           X         M         Y
#> X 1.0600162 0.5108780 0.5069458
#> M 0.5108780 0.9996606 0.6272104
#> Y 0.5069458 0.6272104 0.9837255
```

## Model Specification


```r
model <- "
  Y ~ cp * X + b * M
  M ~ a * X
  indirect := a * b
  direct := cp
  total := cp + (a * b)
"
```

## Model Fitting


```r
fit <- sem(data = df, model = model)
```

## Monte Carlo Confidence Intervals


```r
unstd <- MC(fit, R = 20000L, alpha = 0.05)
```

## Methods

### print


```r
print(unstd)
#> Monte Carlo Confidence Intervals
#>             est     se     R   2.5%  97.5%
#> cp       0.2333 0.0259 20000 0.1826 0.2840
#> b        0.5082 0.0270 20000 0.4546 0.5613
#> a        0.4820 0.0267 20000 0.4292 0.5347
#> Y~~Y     0.5462 0.0244 20000 0.4976 0.5936
#> M~~M     0.7527 0.0339 20000 0.6846 0.8185
#> X~~X     1.0590 0.0000 20000 1.0590 1.0590
#> indirect 0.2449 0.0188 20000 0.2091 0.2827
#> direct   0.2333 0.0259 20000 0.1826 0.2840
#> total    0.4782 0.0263 20000 0.4268 0.5295
```

### summary


```r
summary(unstd)
#> Monte Carlo Confidence Intervals
#>             est     se     R   2.5%  97.5%
#> cp       0.2333 0.0259 20000 0.1826 0.2840
#> b        0.5082 0.0270 20000 0.4546 0.5613
#> a        0.4820 0.0267 20000 0.4292 0.5347
#> Y~~Y     0.5462 0.0244 20000 0.4976 0.5936
#> M~~M     0.7527 0.0339 20000 0.6846 0.8185
#> X~~X     1.0590 0.0000 20000 1.0590 1.0590
#> indirect 0.2449 0.0188 20000 0.2091 0.2827
#> direct   0.2333 0.0259 20000 0.1826 0.2840
#> total    0.4782 0.0263 20000 0.4268 0.5295
```

### coef


```r
coef(unstd)
#>        cp         b         a      Y~~Y      M~~M      X~~X  indirect    direct 
#> 0.2333230 0.5081833 0.4819530 0.5461589 0.7526879 1.0589562 0.2449205 0.2333230 
#>     total 
#> 0.4782435
```

### vcov


```r
vcov(unstd)
#>                     cp             b             a          Y~~Y          M~~M
#> cp        6.731974e-04 -3.511015e-04  4.394029e-06 -3.464203e-06 -1.053179e-06
#> b        -3.511015e-04  7.296967e-04  4.498175e-07 -6.052340e-06 -1.322097e-06
#> a         4.394029e-06  4.498175e-07  7.105667e-04 -3.117020e-06  7.153385e-06
#> Y~~Y     -3.464203e-06 -6.052340e-06 -3.117020e-06  5.974079e-04 -1.146646e-06
#> M~~M     -1.053179e-06 -1.322097e-06  7.153385e-06 -1.146646e-06  1.147158e-03
#> X~~X      0.000000e+00  0.000000e+00  0.000000e+00  0.000000e+00  0.000000e+00
#> indirect -1.667723e-04  3.516825e-04  3.614494e-04 -4.630017e-06  2.831482e-06
#> direct    6.731974e-04 -3.511015e-04  4.394029e-06 -3.464203e-06 -1.053179e-06
#> total     5.064250e-04  5.809399e-07  3.658435e-04 -8.094220e-06  1.778302e-06
#>          X~~X      indirect        direct         total
#> cp          0 -1.667723e-04  6.731974e-04  5.064250e-04
#> b           0  3.516825e-04 -3.511015e-04  5.809399e-07
#> a           0  3.614494e-04  4.394029e-06  3.658435e-04
#> Y~~Y        0 -4.630017e-06 -3.464203e-06 -8.094220e-06
#> M~~M        0  2.831482e-06 -1.053179e-06  1.778302e-06
#> X~~X        0  0.000000e+00  0.000000e+00  0.000000e+00
#> indirect    0  3.536449e-04 -1.667723e-04  1.868726e-04
#> direct      0 -1.667723e-04  6.731974e-04  5.064250e-04
#> total       0  1.868726e-04  5.064250e-04  6.932976e-04
```

### confint


```r
confint(unstd, level = 0.95)
#>              2.5 %    97.5 %
#> cp       0.1825902 0.2840484
#> b        0.4546402 0.5613124
#> a        0.4291948 0.5346506
#> Y~~Y     0.4976344 0.5936403
#> M~~M     0.6846188 0.8185038
#> X~~X     1.0589562 1.0589562
#> indirect 0.2090803 0.2827029
#> direct   0.1825902 0.2840484
#> total    0.4268033 0.5294973
```

## Standardized Monte Carlo Confidence Intervals


```r
fit <- sem(data = df, model = model, fixed.x = FALSE)
unstd <- MC(fit, R = 20000L, alpha = 0.05)
```


```r
std <- MCStd(unstd, alpha = 0.05)
```

## Methods

### print


```r
print(std)
#> Standardized Monte Carlo Confidence Intervals
#>             est     se     R   2.5%  97.5%
#> cp       0.2422 0.0267 20000 0.1904 0.2946
#> b        0.5123 0.0245 20000 0.4632 0.5590
#> a        0.4963 0.0236 20000 0.4487 0.5414
#> Y~~Y     0.5558 0.0234 20000 0.5098 0.6014
#> M~~M     0.7537 0.0234 20000 0.7069 0.7987
#> X~~X     1.0000 0.0000 20000 1.0000 1.0000
#> indirect 0.2542 0.0175 20000 0.2200 0.2886
#> direct   0.2422 0.0267 20000 0.1904 0.2946
#> total    0.4964 0.0238 20000 0.4493 0.5422
```

### summary


```r
summary(std)
#> Standardized Monte Carlo Confidence Intervals
#>             est     se     R   2.5%  97.5%
#> cp       0.2422 0.0267 20000 0.1904 0.2946
#> b        0.5123 0.0245 20000 0.4632 0.5590
#> a        0.4963 0.0236 20000 0.4487 0.5414
#> Y~~Y     0.5558 0.0234 20000 0.5098 0.6014
#> M~~M     0.7537 0.0234 20000 0.7069 0.7987
#> X~~X     1.0000 0.0000 20000 1.0000 1.0000
#> indirect 0.2542 0.0175 20000 0.2200 0.2886
#> direct   0.2422 0.0267 20000 0.1904 0.2946
#> total    0.4964 0.0238 20000 0.4493 0.5422
```

### coef


```r
coef(std)
#>        cp         b         a      Y~~Y      M~~M      X~~X  indirect    direct 
#> 0.2422015 0.5122827 0.4962890 0.5557501 0.7536972 1.0000000 0.2542403 0.2422015 
#>     total 
#> 0.4964418
```

### vcov


```r
vcov(std)
#>                     cp             b             a          Y~~Y          M~~M
#> cp        7.138213e-04 -4.638201e-04  6.115866e-06 -1.237248e-04 -5.834167e-06
#> b        -4.638201e-04  6.014072e-04  2.041532e-05 -3.039478e-04 -2.038708e-05
#> a         6.115866e-06  2.041532e-05  5.582437e-04 -1.695338e-04 -5.526645e-04
#> Y~~Y     -1.237248e-04 -3.039478e-04 -1.695338e-04  5.486899e-04  1.678538e-04
#> M~~M     -5.834167e-06 -2.038708e-05 -5.526645e-04  1.678538e-04  5.477576e-04
#> X~~X     -4.387225e-20 -6.879557e-23 -9.345401e-21  4.630033e-20  9.434543e-21
#> indirect -2.270396e-04  3.086812e-04  2.960325e-04 -2.372914e-04 -2.931811e-04
#> direct    7.138213e-04 -4.638201e-04  6.115866e-06 -1.237248e-04 -5.834167e-06
#> total     4.867817e-04 -1.551390e-04  3.021483e-04 -3.610162e-04 -2.990152e-04
#>                   X~~X      indirect        direct         total
#> cp       -4.387225e-20 -2.270396e-04  7.138213e-04  4.867817e-04
#> b        -6.879557e-23  3.086812e-04 -4.638201e-04 -1.551390e-04
#> a        -9.345401e-21  2.960325e-04  6.115866e-06  3.021483e-04
#> Y~~Y      4.630033e-20 -2.372914e-04 -1.237248e-04 -3.610162e-04
#> M~~M      9.434543e-21 -2.931811e-04 -5.834167e-06 -2.990152e-04
#> X~~X      1.176263e-32 -5.124576e-21 -4.387225e-20 -4.899683e-20
#> indirect -5.124576e-21  3.050170e-04 -2.270396e-04  7.797746e-05
#> direct   -4.387225e-20 -2.270396e-04  7.138213e-04  4.867817e-04
#> total    -4.899683e-20  7.797746e-05  4.867817e-04  5.647592e-04
```

### confint


```r
confint(std, level = 0.95)
#>              2.5 %    97.5 %
#> cp       0.1903880 0.2945789
#> b        0.4631912 0.5590107
#> a        0.4486586 0.5414148
#> Y~~Y     0.5097528 0.6014003
#> M~~M     0.7068701 0.7987054
#> X~~X     1.0000000 1.0000000
#> indirect 0.2199800 0.2885627
#> direct   0.1903880 0.2945789
#> total    0.4492812 0.5421578
```

# References
