---
title: "semmcci: Methods (MC)"
author: "Ivan Jacob Agaloos Pesigan"
date: "2023-09-05"
bibliography: "vignettes.bib"
csl: https://raw.githubusercontent.com/citation-style-language/styles/master/apa.csl
nocite: |
  @Pesigan-Cheung-2023
output:
  rmarkdown::html_vignette:
    toc: true
vignette: >
  %\VignetteIndexEntry{semmcci: Methods (MC)}
  %\VignetteEngine{knitr::rmarkdown}
  %\VignetteEncoding{UTF-8}
---

<!-- vignettes/methods-mc.Rmd is generated from .setup/vignettes/methods-mc.Rmd.orig. Please edit that file -->






```r
library(semmcci)
library(lavaan)
```

## Data




```r
summary(df)
#>        X                   M                   Y           
#>  Min.   :-3.199558   Min.   :-3.371276   Min.   :-3.61432  
#>  1st Qu.:-0.636035   1st Qu.:-0.692640   1st Qu.:-0.66146  
#>  Median : 0.011377   Median : 0.007125   Median :-0.04726  
#>  Mean   :-0.003207   Mean   :-0.023968   Mean   :-0.01677  
#>  3rd Qu.: 0.651951   3rd Qu.: 0.647363   3rd Qu.: 0.62640  
#>  Max.   : 3.470910   Max.   : 2.963216   Max.   : 3.09950
colMeans(df)
#>            X            M            Y 
#> -0.003206987 -0.023968103 -0.016774294
var(df)
#>           X         M         Y
#> X 1.0600162 0.5108780 0.5069458
#> M 0.5108780 0.9996606 0.6272104
#> Y 0.5069458 0.6272104 0.9837255
```

## Model Specification


```r
model <- "
  Y ~ cp * X + b * M
  M ~ a * X
  indirect := a * b
  direct := cp
  total := cp + (a * b)
"
```

## Model Fitting


```r
fit <- sem(data = df, model = model)
```

## Monte Carlo Confidence Intervals


```r
unstd <- MC(fit, R = 20000L, alpha = 0.05)
```

## Methods

### print


```r
print(unstd)
#> Monte Carlo Confidence Intervals
#>             est     se     R   2.5%  97.5%
#> cp       0.2333 0.0260 20000 0.1826 0.2844
#> b        0.5082 0.0269 20000 0.4549 0.5604
#> a        0.4820 0.0267 20000 0.4295 0.5339
#> Y~~Y     0.5462 0.0246 20000 0.4976 0.5938
#> M~~M     0.7527 0.0338 20000 0.6856 0.8180
#> X~~X     1.0590 0.0000 20000 1.0590 1.0590
#> indirect 0.2449 0.0188 20000 0.2087 0.2827
#> direct   0.2333 0.0260 20000 0.1826 0.2844
#> total    0.4782 0.0263 20000 0.4263 0.5295
```

### summary


```r
summary(unstd)
#> Monte Carlo Confidence Intervals
#>             est     se     R   2.5%  97.5%
#> cp       0.2333 0.0260 20000 0.1826 0.2844
#> b        0.5082 0.0269 20000 0.4549 0.5604
#> a        0.4820 0.0267 20000 0.4295 0.5339
#> Y~~Y     0.5462 0.0246 20000 0.4976 0.5938
#> M~~M     0.7527 0.0338 20000 0.6856 0.8180
#> X~~X     1.0590 0.0000 20000 1.0590 1.0590
#> indirect 0.2449 0.0188 20000 0.2087 0.2827
#> direct   0.2333 0.0260 20000 0.1826 0.2844
#> total    0.4782 0.0263 20000 0.4263 0.5295
```

### coef


```r
coef(unstd)
#>        cp         b         a      Y~~Y      M~~M      X~~X  indirect    direct 
#> 0.2333230 0.5081833 0.4819530 0.5461589 0.7526879 1.0589562 0.2449205 0.2333230 
#>     total 
#> 0.4782435
```

### vcov


```r
vcov(unstd)
#>                     cp             b             a          Y~~Y          M~~M
#> cp        6.735337e-04 -3.469601e-04  5.802002e-07 -2.954959e-06  8.701560e-06
#> b        -3.469601e-04  7.243165e-04  2.453188e-06  2.634557e-06  7.513123e-06
#> a         5.802002e-07  2.453188e-06  7.123350e-04 -5.377005e-06  8.194621e-06
#> Y~~Y     -2.954959e-06  2.634557e-06 -5.377005e-06  6.043069e-04 -2.992219e-06
#> M~~M      8.701560e-06  7.513123e-06  8.194621e-06 -2.992219e-06  1.142439e-03
#> X~~X      0.000000e+00  0.000000e+00  0.000000e+00  0.000000e+00  0.000000e+00
#> indirect -1.668555e-04  3.499692e-04  3.631840e-04 -1.465268e-06  7.604031e-06
#> direct    6.735337e-04 -3.469601e-04  5.802002e-07 -2.954959e-06  8.701560e-06
#> total     5.066782e-04  3.009153e-06  3.637642e-04 -4.420227e-06  1.630559e-05
#>          X~~X      indirect        direct         total
#> cp          0 -1.668555e-04  6.735337e-04  5.066782e-04
#> b           0  3.499692e-04 -3.469601e-04  3.009153e-06
#> a           0  3.631840e-04  5.802002e-07  3.637642e-04
#> Y~~Y        0 -1.465268e-06 -2.954959e-06 -4.420227e-06
#> M~~M        0  7.604031e-06  8.701560e-06  1.630559e-05
#> X~~X        0  0.000000e+00  0.000000e+00  0.000000e+00
#> indirect    0  3.535669e-04 -1.668555e-04  1.867114e-04
#> direct      0 -1.668555e-04  6.735337e-04  5.066782e-04
#> total       0  1.867114e-04  5.066782e-04  6.933897e-04
```

### confint


```r
confint(unstd, level = 0.95)
#>              2.5 %    97.5 %
#> cp       0.1825841 0.2844163
#> b        0.4548581 0.5604270
#> a        0.4294928 0.5339300
#> Y~~Y     0.4975618 0.5937577
#> M~~M     0.6855796 0.8179830
#> X~~X     1.0589562 1.0589562
#> indirect 0.2086533 0.2826586
#> direct   0.1825841 0.2844163
#> total    0.4263182 0.5295202
```

## Standardized Monte Carlo Confidence Intervals


```r
fit <- sem(data = df, model = model, fixed.x = FALSE)
unstd <- MC(fit, R = 20000L, alpha = 0.05)
```


```r
std <- MCStd(unstd, alpha = 0.05)
```

## Methods

### print


```r
print(std)
#> Standardized Monte Carlo Confidence Intervals
#>             est     se     R   2.5%  97.5%
#> cp       0.2422 0.0267 20000 0.1894 0.2946
#> b        0.5123 0.0246 20000 0.4633 0.5593
#> a        0.4963 0.0240 20000 0.4487 0.5431
#> Y~~Y     0.5558 0.0235 20000 0.5093 0.6015
#> M~~M     0.7537 0.0238 20000 0.7050 0.7987
#> X~~X     1.0000 0.0000 20000 1.0000 1.0000
#> indirect 0.2542 0.0176 20000 0.2202 0.2893
#> direct   0.2422 0.0267 20000 0.1894 0.2946
#> total    0.4964 0.0239 20000 0.4484 0.5423
```

### summary


```r
summary(std)
#> Standardized Monte Carlo Confidence Intervals
#>             est     se     R   2.5%  97.5%
#> cp       0.2422 0.0267 20000 0.1894 0.2946
#> b        0.5123 0.0246 20000 0.4633 0.5593
#> a        0.4963 0.0240 20000 0.4487 0.5431
#> Y~~Y     0.5558 0.0235 20000 0.5093 0.6015
#> M~~M     0.7537 0.0238 20000 0.7050 0.7987
#> X~~X     1.0000 0.0000 20000 1.0000 1.0000
#> indirect 0.2542 0.0176 20000 0.2202 0.2893
#> direct   0.2422 0.0267 20000 0.1894 0.2946
#> total    0.4964 0.0239 20000 0.4484 0.5423
```

### coef


```r
coef(std)
#>        cp         b         a      Y~~Y      M~~M      X~~X  indirect    direct 
#> 0.2422015 0.5122827 0.4962890 0.5557501 0.7536972 1.0000000 0.2542403 0.2422015 
#>     total 
#> 0.4964418
```

### vcov


```r
vcov(std)
#>                     cp             b             a          Y~~Y          M~~M
#> cp        7.140522e-04 -4.637395e-04  8.890460e-06 -1.242818e-04 -8.799307e-06
#> b        -4.637395e-04  6.030109e-04  1.935767e-05 -3.063255e-04 -1.932057e-05
#> a         8.890460e-06  1.935767e-05  5.766702e-04 -1.757117e-04 -5.718539e-04
#> Y~~Y     -1.242818e-04 -3.063255e-04 -1.757117e-04  5.540748e-04  1.743996e-04
#> M~~M     -8.799307e-06 -1.932057e-05 -5.718539e-04  1.743996e-04  5.677901e-04
#> X~~X     -2.761669e-20  2.633240e-20  1.288976e-20 -1.049570e-20 -1.370731e-20
#> indirect -2.257385e-04  3.092410e-04  3.049462e-04 -2.418543e-04 -3.024914e-04
#> direct    7.140522e-04 -4.637395e-04  8.890460e-06 -1.242818e-04 -8.799307e-06
#> total     4.883137e-04 -1.544985e-04  3.138367e-04 -3.661361e-04 -3.112907e-04
#>                   X~~X      indirect        direct         total
#> cp       -2.761669e-20 -2.257385e-04  7.140522e-04  4.883137e-04
#> b         2.633240e-20  3.092410e-04 -4.637395e-04 -1.544985e-04
#> a         1.288976e-20  3.049462e-04  8.890460e-06  3.138367e-04
#> Y~~Y     -1.049570e-20 -2.418543e-04 -1.242818e-04 -3.661361e-04
#> M~~M     -1.370731e-20 -3.024914e-04 -8.799307e-06 -3.112907e-04
#> X~~X      1.182426e-32  1.924194e-20 -2.761669e-20 -8.374747e-21
#> indirect  1.924194e-20  3.100243e-04 -2.257385e-04  8.428580e-05
#> direct   -2.761669e-20 -2.257385e-04  7.140522e-04  4.883137e-04
#> total    -8.374747e-21  8.428580e-05  4.883137e-04  5.725995e-04
```

### confint


```r
confint(std, level = 0.95)
#>              2.5 %    97.5 %
#> cp       0.1894132 0.2946421
#> b        0.4633320 0.5593173
#> a        0.4487197 0.5431380
#> Y~~Y     0.5093363 0.6015218
#> M~~M     0.7050011 0.7986506
#> X~~X     1.0000000 1.0000000
#> indirect 0.2201808 0.2893221
#> direct   0.1894132 0.2946421
#> total    0.4483827 0.5423206
```

# References
