---
title: "semmcci: Methods (MI)"
author: "Ivan Jacob Agaloos Pesigan"
date: "2023-08-08"
bibliography: "vignettes.bib"
csl: https://raw.githubusercontent.com/citation-style-language/styles/master/apa.csl
nocite: |
  @Pesigan-Cheung-2023
output:
  rmarkdown::html_vignette:
    toc: true
vignette: >
  %\VignetteIndexEntry{semmcci: Methods (MI)}
  %\VignetteEngine{knitr::rmarkdown}
  %\VignetteEncoding{UTF-8}
---

<!-- vignettes/methods-mc-mi.Rmd is generated from .setup/vignettes/methods-mc-mi.Rmd.orig. Please edit that file -->






```r
library(semmcci)
library(lavaan)
```

## Data




```r
summary(df)
#>        X                  M                  Y           
#>  Min.   :-3.19956   Min.   :-3.37128   Min.   :-3.61432  
#>  1st Qu.:-0.63268   1st Qu.:-0.70516   1st Qu.:-0.66921  
#>  Median : 0.02823   Median : 0.02825   Median :-0.04833  
#>  Mean   : 0.00269   Mean   :-0.01992   Mean   :-0.01538  
#>  3rd Qu.: 0.65754   3rd Qu.: 0.65240   3rd Qu.: 0.65293  
#>  Max.   : 3.47091   Max.   : 2.93497   Max.   : 3.09950  
#>  NA's   :100        NA's   :100        NA's   :100
```

## Multiple Imputation

Perform the appropriate multiple imputation approach to deal with missing values.
In this example, we impute multivariate missing data under the normal model.


```r
mi <- mice::mice(
  df,
  method = "norm",
  m = 100,
  print = FALSE,
  seed = 42
)
```

## Model Specification


```r
model <- "
  Y ~ cp * X + b * M
  M ~ a * X
  X ~~ X
  indirect := a * b
  direct := cp
  total := cp + (a * b)
"
```

## Model Fitting


```r
fit <- sem(data = df, model = model)
```

## Monte Carlo Confidence Intervals


```r
unstd <- MCMI(fit, mi = mi, R = 20000L, alpha = 0.05)
```

## Methods

### print


```r
print(unstd)
#> Monte Carlo Confidence Intervals (Multiple Imputation Estimates)
#>             est     se     R   2.5%  97.5%
#> cp       0.2328 0.0297 20000 0.1752 0.2913
#> b        0.5113 0.0300 20000 0.4518 0.5698
#> a        0.4811 0.0286 20000 0.4249 0.5367
#> X~~X     1.0617 0.0490 20000 0.9663 1.1578
#> Y~~Y     0.5533 0.0271 20000 0.5003 0.6065
#> M~~M     0.7568 0.0365 20000 0.6850 0.8290
#> indirect 0.2460 0.0203 20000 0.2069 0.2866
#> direct   0.2328 0.0297 20000 0.1752 0.2913
#> total    0.4788 0.0283 20000 0.4238 0.5345
```

### summary


```r
summary(unstd)
#> Monte Carlo Confidence Intervals (Multiple Imputation Estimates)
#>             est     se     R   2.5%  97.5%
#> cp       0.2328 0.0297 20000 0.1752 0.2913
#> b        0.5113 0.0300 20000 0.4518 0.5698
#> a        0.4811 0.0286 20000 0.4249 0.5367
#> X~~X     1.0617 0.0490 20000 0.9663 1.1578
#> Y~~Y     0.5533 0.0271 20000 0.5003 0.6065
#> M~~M     0.7568 0.0365 20000 0.6850 0.8290
#> indirect 0.2460 0.0203 20000 0.2069 0.2866
#> direct   0.2328 0.0297 20000 0.1752 0.2913
#> total    0.4788 0.0283 20000 0.4238 0.5345
```

### coef


```r
coef(unstd)
#>        cp         b         a      X~~X      Y~~Y      M~~M  indirect    direct 
#> 0.2328242 0.5113353 0.4810732 1.0617011 0.5533052 0.7567771 0.2459664 0.2328242 
#>     total 
#> 0.4787907
```

### vcov


```r
vcov(unstd)
#>                     cp             b             a          X~~X          Y~~Y
#> cp        8.809646e-04 -4.779095e-04 -3.320301e-05  7.213469e-06 -2.222969e-05
#> b        -4.779095e-04  8.994191e-04 -1.556226e-05 -2.102840e-05 -2.086114e-05
#> a        -3.320301e-05 -1.556226e-05  8.182352e-04 -2.398258e-05  2.025448e-05
#> X~~X      7.213469e-06 -2.102840e-05 -2.398258e-05  2.402446e-03 -8.657292e-06
#> Y~~Y     -2.222969e-05 -2.086114e-05  2.025448e-05 -8.657292e-06  7.340365e-04
#> M~~M     -1.920956e-05  1.221445e-05 -6.687430e-05 -2.486623e-05 -1.082870e-06
#> indirect -2.462880e-04  4.238610e-04  4.106016e-04 -2.259641e-05  8.599950e-08
#> direct    8.809646e-04 -4.779095e-04 -3.320301e-05  7.213469e-06 -2.222969e-05
#> total     6.346765e-04 -5.404852e-05  3.773986e-04 -1.538294e-05 -2.214369e-05
#>                   M~~M      indirect        direct         total
#> cp       -1.920956e-05 -2.462880e-04  8.809646e-04  6.346765e-04
#> b         1.221445e-05  4.238610e-04 -4.779095e-04 -5.404852e-05
#> a        -6.687430e-05  4.106016e-04 -3.320301e-05  3.773986e-04
#> X~~X     -2.486623e-05 -2.259641e-05  7.213469e-06 -1.538294e-05
#> Y~~Y     -1.082870e-06  8.599950e-08 -2.222969e-05 -2.214369e-05
#> M~~M      1.332166e-03 -2.852486e-05 -1.920956e-05 -4.773442e-05
#> indirect -2.852486e-05  4.140400e-04 -2.462880e-04  1.677520e-04
#> direct   -1.920956e-05 -2.462880e-04  8.809646e-04  6.346765e-04
#> total    -4.773442e-05  1.677520e-04  6.346765e-04  8.024285e-04
```

### confint


```r
confint(unstd, level = 0.95)
#>              2.5 %    97.5 %
#> cp       0.1751581 0.2912850
#> b        0.4518198 0.5698403
#> a        0.4248998 0.5366592
#> X~~X     0.9662579 1.1578205
#> Y~~Y     0.5002887 0.6064617
#> M~~M     0.6850001 0.8289691
#> indirect 0.2069434 0.2865964
#> direct   0.1751581 0.2912850
#> total    0.4237899 0.5345007
```

## Standardized Monte Carlo Confidence Intervals


```r
fit <- sem(data = df, model = model, fixed.x = FALSE)
unstd <- MCMI(fit, mi = mi, R = 20000L, alpha = 0.05)
```


```r
std <- MCStd(unstd, alpha = 0.05)
```

## Methods

### print


```r
print(std)
#> Standardized Monte Carlo Confidence Intervals
#>             est     se     R   2.5%  97.5%
#> cp       0.2450 0.0305 20000 0.1809 0.3002
#> b        0.5189 0.0275 20000 0.4582 0.5663
#> a        0.5031 0.0258 20000 0.4433 0.5443
#> X~~X     1.0000 0.0000 20000 1.0000 1.0000
#> Y~~Y     0.5429 0.0250 20000 0.5072 0.6051
#> M~~M     0.7469 0.0255 20000 0.7037 0.8035
#> indirect 0.2610 0.0189 20000 0.2174 0.2919
#> direct   0.2450 0.0305 20000 0.1809 0.3002
#> total    0.5060 0.0261 20000 0.4421 0.5441
```

### summary


```r
summary(std)
#> Standardized Monte Carlo Confidence Intervals
#>             est     se     R   2.5%  97.5%
#> cp       0.2450 0.0305 20000 0.1809 0.3002
#> b        0.5189 0.0275 20000 0.4582 0.5663
#> a        0.5031 0.0258 20000 0.4433 0.5443
#> X~~X     1.0000 0.0000 20000 1.0000 1.0000
#> Y~~Y     0.5429 0.0250 20000 0.5072 0.6051
#> M~~M     0.7469 0.0255 20000 0.7037 0.8035
#> indirect 0.2610 0.0189 20000 0.2174 0.2919
#> direct   0.2450 0.0305 20000 0.1809 0.3002
#> total    0.5060 0.0261 20000 0.4421 0.5441
```

### coef


```r
coef(std)
#>        cp         b         a      X~~X      Y~~Y      M~~M  indirect    direct 
#> 0.2449797 0.5188628 0.5030687 1.0000000 0.5428754 0.7469219 0.2610236 0.2449797 
#>     total 
#> 0.5060033
```

### vcov


```r
vcov(std)
#>                     cp             b             a          X~~X          Y~~Y
#> cp        9.304134e-04 -6.093644e-04 -3.760135e-07 -6.132024e-21 -1.490949e-04
#> b        -6.093644e-04  7.549171e-04 -8.849266e-06  9.236865e-21 -3.485929e-04
#> a        -3.760135e-07 -8.849266e-06  6.636520e-04 -2.257869e-20 -1.513209e-04
#> X~~X     -6.132024e-21  9.236865e-21 -2.257869e-20  1.206278e-32 -5.091473e-23
#> Y~~Y     -1.490949e-04 -3.485929e-04 -1.513209e-04 -5.091473e-23  6.251979e-04
#> M~~M      5.824737e-07  8.454634e-06 -6.553734e-04  2.221216e-20  1.495683e-04
#> indirect -3.019166e-04  3.690358e-04  3.363588e-04 -7.118774e-21 -2.498412e-04
#> direct    9.304134e-04 -6.093644e-04 -3.760135e-07 -6.132024e-21 -1.490949e-04
#> total     6.284968e-04 -2.403286e-04  3.359828e-04 -1.325080e-20 -3.989362e-04
#>                   M~~M      indirect        direct         total
#> cp        5.824737e-07 -3.019166e-04  9.304134e-04  6.284968e-04
#> b         8.454634e-06  3.690358e-04 -6.093644e-04 -2.403286e-04
#> a        -6.553734e-04  3.363588e-04 -3.760135e-07  3.359828e-04
#> X~~X      2.221216e-20 -7.118774e-21 -6.132024e-21 -1.325080e-20
#> Y~~Y      1.495683e-04 -2.498412e-04 -1.490949e-04 -3.989362e-04
#> M~~M      6.481062e-04 -3.322804e-04  5.824737e-07 -3.316979e-04
#> indirect -3.322804e-04  3.558129e-04 -3.019166e-04  5.389628e-05
#> direct    5.824737e-07 -3.019166e-04  9.304134e-04  6.284968e-04
#> total    -3.316979e-04  5.389628e-05  6.284968e-04  6.823931e-04
```

### confint


```r
confint(std, level = 0.95)
#>              2.5 %    97.5 %
#> cp       0.1808865 0.3002454
#> b        0.4582248 0.5662745
#> a        0.4433186 0.5443111
#> X~~X     1.0000000 1.0000000
#> Y~~Y     0.5072262 0.6050810
#> M~~M     0.7037254 0.8034687
#> indirect 0.2173669 0.2918668
#> direct   0.1808865 0.3002454
#> total    0.4421269 0.5441078
```

## References
