---
title: "semmcci: Methods (MI)"
author: "Ivan Jacob Agaloos Pesigan"
date: "2023-08-08"
bibliography: "vignettes.bib"
csl: https://raw.githubusercontent.com/citation-style-language/styles/master/apa.csl
nocite: |
  @Pesigan-Cheung-2023
output:
  rmarkdown::html_vignette:
    toc: true
vignette: >
  %\VignetteIndexEntry{semmcci: Methods (MI)}
  %\VignetteEngine{knitr::rmarkdown}
  %\VignetteEncoding{UTF-8}
---

<!-- vignettes/methods-mc-mi.Rmd is generated from .setup/vignettes/methods-mc-mi.Rmd.orig. Please edit that file -->






```r
library(semmcci)
library(lavaan)
```

## Data




```r
summary(df)
#>        X                  M                  Y           
#>  Min.   :-3.19956   Min.   :-3.37128   Min.   :-3.61432  
#>  1st Qu.:-0.63268   1st Qu.:-0.70516   1st Qu.:-0.66921  
#>  Median : 0.02823   Median : 0.02825   Median :-0.04833  
#>  Mean   : 0.00269   Mean   :-0.01992   Mean   :-0.01538  
#>  3rd Qu.: 0.65754   3rd Qu.: 0.65240   3rd Qu.: 0.65293  
#>  Max.   : 3.47091   Max.   : 2.93497   Max.   : 3.09950  
#>  NA's   :100        NA's   :100        NA's   :100
```

## Multiple Imputation

Perform the appropriate multiple imputation approach to deal with missing values.
In this example, we impute multivariate missing data under the normal model.


```r
mi <- mice::mice(
  df,
  method = "norm",
  m = 100,
  print = FALSE,
  seed = 42
)
```

## Model Specification


```r
model <- "
  Y ~ cp * X + b * M
  M ~ a * X
  X ~~ X
  indirect := a * b
  direct := cp
  total := cp + (a * b)
"
```

## Model Fitting


```r
fit <- sem(data = df, model = model)
```

## Monte Carlo Confidence Intervals


```r
unstd <- MCMI(fit, mi = mi, R = 20000L, alpha = 0.05)
```

## Methods

### print


```r
print(unstd)
#> Monte Carlo Confidence Intervals (Multiple Imputation Estimates)
#>             est     se     R   2.5%  97.5%
#> cp       0.2328 0.0295 20000 0.1748 0.2905
#> b        0.5113 0.0299 20000 0.4523 0.5696
#> a        0.4811 0.0285 20000 0.4250 0.5361
#> X~~X     1.0617 0.0490 20000 0.9633 1.1573
#> Y~~Y     0.5533 0.0269 20000 0.5005 0.6059
#> M~~M     0.7568 0.0366 20000 0.6849 0.8288
#> indirect 0.2460 0.0200 20000 0.2075 0.2857
#> direct   0.2328 0.0295 20000 0.1748 0.2905
#> total    0.4788 0.0285 20000 0.4230 0.5342
```

### summary


```r
summary(unstd)
#> Monte Carlo Confidence Intervals (Multiple Imputation Estimates)
#>             est     se     R   2.5%  97.5%
#> cp       0.2328 0.0295 20000 0.1748 0.2905
#> b        0.5113 0.0299 20000 0.4523 0.5696
#> a        0.4811 0.0285 20000 0.4250 0.5361
#> X~~X     1.0617 0.0490 20000 0.9633 1.1573
#> Y~~Y     0.5533 0.0269 20000 0.5005 0.6059
#> M~~M     0.7568 0.0366 20000 0.6849 0.8288
#> indirect 0.2460 0.0200 20000 0.2075 0.2857
#> direct   0.2328 0.0295 20000 0.1748 0.2905
#> total    0.4788 0.0285 20000 0.4230 0.5342
```

### coef


```r
coef(unstd)
#>        cp         b         a      X~~X      Y~~Y      M~~M  indirect    direct 
#> 0.2328242 0.5113353 0.4810732 1.0617011 0.5533052 0.7567771 0.2459664 0.2328242 
#>     total 
#> 0.4787907
```

### vcov


```r
vcov(unstd)
#>                     cp             b             a          X~~X          Y~~Y
#> cp        8.706859e-04 -4.653044e-04 -1.283802e-05  1.920057e-05 -1.633137e-05
#> b        -4.653044e-04  8.936392e-04 -3.844329e-05 -1.334747e-05 -2.882644e-05
#> a        -1.283802e-05 -3.844329e-05  8.135317e-04 -1.332335e-05  2.467333e-05
#> X~~X      1.920057e-05 -1.334747e-05 -1.332335e-05  2.403602e-03 -2.013475e-05
#> Y~~Y     -1.633137e-05 -2.882644e-05  2.467333e-05 -2.013475e-05  7.221671e-04
#> M~~M     -2.574681e-06  4.129083e-07 -6.499043e-05  1.168994e-05 -1.005266e-05
#> indirect -2.301179e-04  4.094575e-04  3.975674e-04 -1.342204e-05 -1.253101e-06
#> direct    8.706859e-04 -4.653044e-04 -1.283802e-05  1.920057e-05 -1.633137e-05
#> total     6.405680e-04 -5.584695e-05  3.847293e-04  5.778528e-06 -1.758447e-05
#>                   M~~M      indirect        direct         total
#> cp       -2.574681e-06 -2.301179e-04  8.706859e-04  6.405680e-04
#> b         4.129083e-07  4.094575e-04 -4.653044e-04 -5.584695e-05
#> a        -6.499043e-05  3.975674e-04 -1.283802e-05  3.847293e-04
#> X~~X      1.168994e-05 -1.342204e-05  1.920057e-05  5.778528e-06
#> Y~~Y     -1.005266e-05 -1.253101e-06 -1.633137e-05 -1.758447e-05
#> M~~M      1.338289e-03 -3.322328e-05 -2.574681e-06 -3.579796e-05
#> indirect -3.322328e-05  4.006655e-04 -2.301179e-04  1.705476e-04
#> direct   -2.574681e-06 -2.301179e-04  8.706859e-04  6.405680e-04
#> total    -3.579796e-05  1.705476e-04  6.405680e-04  8.111156e-04
```

### confint


```r
confint(unstd, level = 0.95)
#>              2.5 %    97.5 %
#> cp       0.1748113 0.2905252
#> b        0.4523337 0.5696133
#> a        0.4249741 0.5361208
#> X~~X     0.9632887 1.1573481
#> Y~~Y     0.5004977 0.6059322
#> M~~M     0.6849012 0.8288141
#> indirect 0.2074660 0.2857335
#> direct   0.1748113 0.2905252
#> total    0.4229593 0.5342388
```

## Standardized Monte Carlo Confidence Intervals


```r
fit <- sem(data = df, model = model, fixed.x = FALSE)
unstd <- MCMI(fit, mi = mi, R = 20000L, alpha = 0.05)
```


```r
std <- MCStd(unstd, alpha = 0.05)
```

## Methods

### print


```r
print(std)
#> Standardized Monte Carlo Confidence Intervals
#>             est     se     R   2.5%  97.5%
#> cp       0.2450 0.0303 20000 0.1803 0.2996
#> b        0.5189 0.0274 20000 0.4592 0.5659
#> a        0.5031 0.0258 20000 0.4430 0.5447
#> X~~X     1.0000 0.0000 20000 1.0000 1.0000
#> Y~~Y     0.5429 0.0250 20000 0.5076 0.6048
#> M~~M     0.7469 0.0255 20000 0.7033 0.8038
#> indirect 0.2610 0.0189 20000 0.2173 0.2918
#> direct   0.2450 0.0303 20000 0.1803 0.2996
#> total    0.5060 0.0259 20000 0.4431 0.5439
```

### summary


```r
summary(std)
#> Standardized Monte Carlo Confidence Intervals
#>             est     se     R   2.5%  97.5%
#> cp       0.2450 0.0303 20000 0.1803 0.2996
#> b        0.5189 0.0274 20000 0.4592 0.5659
#> a        0.5031 0.0258 20000 0.4430 0.5447
#> X~~X     1.0000 0.0000 20000 1.0000 1.0000
#> Y~~Y     0.5429 0.0250 20000 0.5076 0.6048
#> M~~M     0.7469 0.0255 20000 0.7033 0.8038
#> indirect 0.2610 0.0189 20000 0.2173 0.2918
#> direct   0.2450 0.0303 20000 0.1803 0.2996
#> total    0.5060 0.0259 20000 0.4431 0.5439
```

### coef


```r
coef(std)
#>        cp         b         a      X~~X      Y~~Y      M~~M  indirect    direct 
#> 0.2449797 0.5188628 0.5030687 1.0000000 0.5428754 0.7469219 0.2610236 0.2449797 
#>     total 
#> 0.5060033
```

### vcov


```r
vcov(std)
#>                     cp             b             a          X~~X          Y~~Y
#> cp        9.153749e-04 -5.988986e-04 -1.078891e-05 -9.965534e-21 -1.446187e-04
#> b        -5.988986e-04  7.489306e-04 -1.851590e-06 -6.544335e-22 -3.532929e-04
#> a        -1.078891e-05 -1.851590e-06  6.645139e-04 -4.242553e-20 -1.501771e-04
#> X~~X     -9.965534e-21 -6.544335e-22 -4.242553e-20  1.194568e-32  2.034077e-20
#> Y~~Y     -1.446187e-04 -3.532929e-04 -1.501771e-04  2.034077e-20  6.263546e-04
#> M~~M      1.077347e-05  1.804784e-06 -6.562313e-04  4.151343e-20  1.482026e-04
#> indirect -3.024262e-04  3.699441e-04  3.400361e-04 -2.297377e-20 -2.515675e-04
#> direct    9.153749e-04 -5.988986e-04 -1.078891e-05 -9.965534e-21 -1.446187e-04
#> total     6.129487e-04 -2.289545e-04  3.292472e-04 -3.293930e-20 -3.961862e-04
#>                   M~~M      indirect        direct         total
#> cp        1.077347e-05 -3.024262e-04  9.153749e-04  6.129487e-04
#> b         1.804784e-06  3.699441e-04 -5.988986e-04 -2.289545e-04
#> a        -6.562313e-04  3.400361e-04 -1.078891e-05  3.292472e-04
#> X~~X      4.151343e-20 -2.297377e-20 -9.965534e-21 -3.293930e-20
#> Y~~Y      1.482026e-04 -2.515675e-04 -1.446187e-04 -3.961862e-04
#> M~~M      6.489468e-04 -3.358148e-04  1.077347e-05 -3.250413e-04
#> indirect -3.358148e-04  3.581740e-04 -3.024262e-04  5.574785e-05
#> direct    1.077347e-05 -3.024262e-04  9.153749e-04  6.129487e-04
#> total    -3.250413e-04  5.574785e-05  6.129487e-04  6.686966e-04
```

### confint


```r
confint(std, level = 0.95)
#>              2.5 %    97.5 %
#> cp       0.1802532 0.2995906
#> b        0.4591582 0.5659263
#> a        0.4429885 0.5446961
#> X~~X     1.0000000 1.0000000
#> Y~~Y     0.5075678 0.6048499
#> M~~M     0.7033062 0.8037612
#> indirect 0.2173395 0.2918137
#> direct   0.1802532 0.2995906
#> total    0.4430827 0.5438898
```

## References
