---
title: "semmcci: Methods (MI)"
author: "Ivan Jacob Agaloos Pesigan"
date: "2023-08-17"
bibliography: "vignettes.bib"
csl: https://raw.githubusercontent.com/citation-style-language/styles/master/apa.csl
nocite: |
  @Pesigan-Cheung-2023
output:
  rmarkdown::html_vignette:
    toc: true
vignette: >
  %\VignetteIndexEntry{semmcci: Methods (MI)}
  %\VignetteEngine{knitr::rmarkdown}
  %\VignetteEncoding{UTF-8}
---

<!-- vignettes/methods-mc-mi.Rmd is generated from .setup/vignettes/methods-mc-mi.Rmd.orig. Please edit that file -->






```r
library(semmcci)
library(lavaan)
```

## Data




```r
summary(df)
#>        X                  M                  Y           
#>  Min.   :-3.19956   Min.   :-3.37128   Min.   :-3.61432  
#>  1st Qu.:-0.63268   1st Qu.:-0.70516   1st Qu.:-0.66921  
#>  Median : 0.02823   Median : 0.02825   Median :-0.04833  
#>  Mean   : 0.00269   Mean   :-0.01992   Mean   :-0.01538  
#>  3rd Qu.: 0.65754   3rd Qu.: 0.65240   3rd Qu.: 0.65293  
#>  Max.   : 3.47091   Max.   : 2.93497   Max.   : 3.09950  
#>  NA's   :100        NA's   :100        NA's   :100
```

## Multiple Imputation

Perform the appropriate multiple imputation approach to deal with missing values.
In this example, we impute multivariate missing data under the normal model.


```r
mi <- mice::mice(
  df,
  method = "norm",
  m = 100,
  print = FALSE,
  seed = 42
)
```

## Model Specification


```r
model <- "
  Y ~ cp * X + b * M
  M ~ a * X
  X ~~ X
  indirect := a * b
  direct := cp
  total := cp + (a * b)
"
```

## Model Fitting


```r
fit <- sem(data = df, model = model)
```

## Monte Carlo Confidence Intervals


```r
unstd <- MCMI(fit, mi = mi, R = 20000L, alpha = 0.05)
```

## Methods

### print


```r
print(unstd)
#> Monte Carlo Confidence Intervals (Multiple Imputation Estimates)
#>             est     se     R   2.5%  97.5%
#> cp       0.2328 0.0299 20000 0.1742 0.2917
#> b        0.5113 0.0298 20000 0.4523 0.5703
#> a        0.4811 0.0287 20000 0.4245 0.5374
#> X~~X     1.0617 0.0488 20000 0.9660 1.1558
#> Y~~Y     0.5533 0.0268 20000 0.5007 0.6061
#> M~~M     0.7568 0.0364 20000 0.6852 0.8271
#> indirect 0.2460 0.0202 20000 0.2078 0.2866
#> direct   0.2328 0.0299 20000 0.1742 0.2917
#> total    0.4788 0.0288 20000 0.4214 0.5353
```

### summary


```r
summary(unstd)
#> Monte Carlo Confidence Intervals (Multiple Imputation Estimates)
#>             est     se     R   2.5%  97.5%
#> cp       0.2328 0.0299 20000 0.1742 0.2917
#> b        0.5113 0.0298 20000 0.4523 0.5703
#> a        0.4811 0.0287 20000 0.4245 0.5374
#> X~~X     1.0617 0.0488 20000 0.9660 1.1558
#> Y~~Y     0.5533 0.0268 20000 0.5007 0.6061
#> M~~M     0.7568 0.0364 20000 0.6852 0.8271
#> indirect 0.2460 0.0202 20000 0.2078 0.2866
#> direct   0.2328 0.0299 20000 0.1742 0.2917
#> total    0.4788 0.0288 20000 0.4214 0.5353
```

### coef


```r
coef(unstd)
#>        cp         b         a      X~~X      Y~~Y      M~~M  indirect    direct 
#> 0.2328242 0.5113353 0.4810732 1.0617011 0.5533052 0.7567771 0.2459664 0.2328242 
#>     total 
#> 0.4787907
```

### vcov


```r
vcov(unstd)
#>                     cp             b             a          X~~X          Y~~Y
#> cp        8.939665e-04 -4.695648e-04 -1.844139e-05  1.044258e-05 -1.334300e-05
#> b        -4.695648e-04  8.896536e-04 -3.177864e-05 -1.847759e-05 -3.266018e-05
#> a        -1.844139e-05 -3.177864e-05  8.264130e-04 -7.396893e-06  4.389420e-05
#> X~~X      1.044258e-05 -1.847759e-05 -7.396893e-06  2.384043e-03 -2.234584e-05
#> Y~~Y     -1.334300e-05 -3.266018e-05  4.389420e-05 -2.234584e-05  7.196646e-04
#> M~~M     -8.421226e-06 -9.694242e-06 -6.603661e-05  3.905214e-06 -1.261860e-05
#> indirect -2.353572e-04  4.113909e-04  4.074496e-04 -1.269694e-05  6.930271e-06
#> direct    8.939665e-04 -4.695648e-04 -1.844139e-05  1.044258e-05 -1.334300e-05
#> total     6.586093e-04 -5.817395e-05  3.890082e-04 -2.254364e-06 -6.412729e-06
#>                   M~~M      indirect        direct         total
#> cp       -8.421226e-06 -2.353572e-04  8.939665e-04  6.586093e-04
#> b        -9.694242e-06  4.113909e-04 -4.695648e-04 -5.817395e-05
#> a        -6.603661e-05  4.074496e-04 -1.844139e-05  3.890082e-04
#> X~~X      3.905214e-06 -1.269694e-05  1.044258e-05 -2.254364e-06
#> Y~~Y     -1.261860e-05  6.930271e-06 -1.334300e-05 -6.412729e-06
#> M~~M      1.322179e-03 -3.807888e-05 -8.421226e-06 -4.650011e-05
#> indirect -3.807888e-05  4.068975e-04 -2.353572e-04  1.715403e-04
#> direct   -8.421226e-06 -2.353572e-04  8.939665e-04  6.586093e-04
#> total    -4.650011e-05  1.715403e-04  6.586093e-04  8.301496e-04
```

### confint


```r
confint(unstd, level = 0.95)
#>              2.5 %    97.5 %
#> cp       0.1742019 0.2917062
#> b        0.4523254 0.5703094
#> a        0.4244908 0.5374488
#> X~~X     0.9660075 1.1558173
#> Y~~Y     0.5006797 0.6061120
#> M~~M     0.6852277 0.8271183
#> indirect 0.2077827 0.2866227
#> direct   0.1742019 0.2917062
#> total    0.4214312 0.5352617
```

## Standardized Monte Carlo Confidence Intervals


```r
fit <- sem(data = df, model = model, fixed.x = FALSE)
unstd <- MCMI(fit, mi = mi, R = 20000L, alpha = 0.05)
```


```r
std <- MCStd(unstd, alpha = 0.05)
```

## Methods

### print


```r
print(std)
#> Standardized Monte Carlo Confidence Intervals
#>             est     se     R   2.5%  97.5%
#> cp       0.2450 0.0304 20000 0.1801 0.3000
#> b        0.5189 0.0274 20000 0.4588 0.5663
#> a        0.5031 0.0261 20000 0.4427 0.5458
#> X~~X     1.0000 0.0000 20000 1.0000 1.0000
#> Y~~Y     0.5429 0.0251 20000 0.5064 0.6049
#> M~~M     0.7469 0.0258 20000 0.7021 0.8040
#> indirect 0.2610 0.0189 20000 0.2178 0.2914
#> direct   0.2450 0.0304 20000 0.1801 0.3000
#> total    0.5060 0.0261 20000 0.4425 0.5447
```

### summary


```r
summary(std)
#> Standardized Monte Carlo Confidence Intervals
#>             est     se     R   2.5%  97.5%
#> cp       0.2450 0.0304 20000 0.1801 0.3000
#> b        0.5189 0.0274 20000 0.4588 0.5663
#> a        0.5031 0.0261 20000 0.4427 0.5458
#> X~~X     1.0000 0.0000 20000 1.0000 1.0000
#> Y~~Y     0.5429 0.0251 20000 0.5064 0.6049
#> M~~M     0.7469 0.0258 20000 0.7021 0.8040
#> indirect 0.2610 0.0189 20000 0.2178 0.2914
#> direct   0.2450 0.0304 20000 0.1801 0.3000
#> total    0.5060 0.0261 20000 0.4425 0.5447
```

### coef


```r
coef(std)
#>        cp         b         a      X~~X      Y~~Y      M~~M  indirect    direct 
#> 0.2449797 0.5188628 0.5030687 1.0000000 0.5428754 0.7469219 0.2610236 0.2449797 
#>     total 
#> 0.5060033
```

### vcov


```r
vcov(std)
#>                     cp             b             a          X~~X          Y~~Y
#> cp        9.239521e-04 -6.013890e-04 -1.799731e-06 -2.219976e-20 -1.522523e-04
#> b        -6.013890e-04  7.490573e-04 -1.119179e-05 -2.289152e-20 -3.487142e-04
#> a        -1.799731e-06 -1.119179e-05  6.799518e-04 -3.475019e-20 -1.511990e-04
#> X~~X     -2.219976e-20 -2.289152e-20 -3.475019e-20  1.173613e-32  5.904244e-20
#> Y~~Y     -1.522523e-04 -3.487142e-04 -1.511990e-04  5.904244e-20  6.285202e-04
#> M~~M      1.623382e-06  1.105576e-05 -6.719340e-04  3.339194e-20  1.495647e-04
#> indirect -2.987846e-04  3.650521e-04  3.433666e-04 -2.927366e-20 -2.498733e-04
#> direct    9.239521e-04 -6.013890e-04 -1.799731e-06 -2.219976e-20 -1.522523e-04
#> total     6.251675e-04 -2.363369e-04  3.415669e-04 -5.147342e-20 -4.021257e-04
#>                   M~~M      indirect        direct         total
#> cp        1.623382e-06 -2.987846e-04  9.239521e-04  6.251675e-04
#> b         1.105576e-05  3.650521e-04 -6.013890e-04 -2.363369e-04
#> a        -6.719340e-04  3.433666e-04 -1.799731e-06  3.415669e-04
#> X~~X      3.339194e-20 -2.927366e-20 -2.219976e-20 -5.147342e-20
#> Y~~Y      1.495647e-04 -2.498733e-04 -1.522523e-04 -4.021257e-04
#> M~~M      6.649270e-04 -3.392940e-04  1.623382e-06 -3.376706e-04
#> indirect -3.392940e-04  3.574126e-04 -2.987846e-04  5.862798e-05
#> direct    1.623382e-06 -2.987846e-04  9.239521e-04  6.251675e-04
#> total    -3.376706e-04  5.862798e-05  6.251675e-04  6.837955e-04
```

### confint


```r
confint(std, level = 0.95)
#>              2.5 %    97.5 %
#> cp       0.1801381 0.2999526
#> b        0.4588220 0.5663233
#> a        0.4426700 0.5457713
#> X~~X     1.0000000 1.0000000
#> Y~~Y     0.5064481 0.6048507
#> M~~M     0.7021337 0.8040432
#> indirect 0.2178202 0.2914313
#> direct   0.1801381 0.2999526
#> total    0.4424927 0.5447233
```

## References
