---
title: "semmcci: Methods (MC)"
author: "Ivan Jacob Agaloos Pesigan"
date: "2023-07-21"
bibliography: "vignettes.bib"
csl: https://raw.githubusercontent.com/citation-style-language/styles/master/apa.csl
nocite: |
  @Pesigan-Cheung-2023
output:
  rmarkdown::html_vignette:
    toc: true
vignette: >
  %\VignetteIndexEntry{semmcci: Methods (MC)}
  %\VignetteEngine{knitr::rmarkdown}
  %\VignetteEncoding{UTF-8}
---

<!-- vignettes/methods-mc.Rmd is generated from .setup/vignettes/methods-mc.Rmd.orig. Please edit that file -->






```r
library(semmcci)
library(lavaan)
```

## Data




```r
summary(df)
#>        X                   M                   Y           
#>  Min.   :-3.199558   Min.   :-3.371276   Min.   :-3.61432  
#>  1st Qu.:-0.636035   1st Qu.:-0.692640   1st Qu.:-0.66146  
#>  Median : 0.011377   Median : 0.007125   Median :-0.04726  
#>  Mean   :-0.003207   Mean   :-0.023968   Mean   :-0.01677  
#>  3rd Qu.: 0.651951   3rd Qu.: 0.647363   3rd Qu.: 0.62640  
#>  Max.   : 3.470910   Max.   : 2.963216   Max.   : 3.09950
colMeans(df)
#>            X            M            Y 
#> -0.003206987 -0.023968103 -0.016774294
var(df)
#>           X         M         Y
#> X 1.0600162 0.5108780 0.5069458
#> M 0.5108780 0.9996606 0.6272104
#> Y 0.5069458 0.6272104 0.9837255
```

## Model Specification


```r
model <- "
  Y ~ cp * X + b * M
  M ~ a * X
  indirect := a * b
  direct := cp
  total := cp + (a * b)
"
```

## Model Fitting


```r
fit <- sem(data = df, model = model)
```

## Monte Carlo Confidence Intervals


```r
unstd <- MC(fit, R = 20000L, alpha = 0.05)
```

## Methods

### print


```r
print(unstd)
#> Monte Carlo Confidence Intervals
#>             est     se     R   2.5%  97.5%
#> cp       0.2333 0.0260 20000 0.1822 0.2847
#> b        0.5082 0.0270 20000 0.4558 0.5619
#> a        0.4820 0.0267 20000 0.4297 0.5342
#> Y~~Y     0.5462 0.0245 20000 0.4978 0.5943
#> M~~M     0.7527 0.0336 20000 0.6873 0.8188
#> X~~X     1.0590 0.0000 20000 1.0590 1.0590
#> indirect 0.2449 0.0188 20000 0.2092 0.2830
#> direct   0.2333 0.0260 20000 0.1822 0.2847
#> total    0.4782 0.0262 20000 0.4269 0.5303
```

### summary


```r
summary(unstd)
#> Monte Carlo Confidence Intervals
#>             est     se     R   2.5%  97.5%
#> cp       0.2333 0.0260 20000 0.1822 0.2847
#> b        0.5082 0.0270 20000 0.4558 0.5619
#> a        0.4820 0.0267 20000 0.4297 0.5342
#> Y~~Y     0.5462 0.0245 20000 0.4978 0.5943
#> M~~M     0.7527 0.0336 20000 0.6873 0.8188
#> X~~X     1.0590 0.0000 20000 1.0590 1.0590
#> indirect 0.2449 0.0188 20000 0.2092 0.2830
#> direct   0.2333 0.0260 20000 0.1822 0.2847
#> total    0.4782 0.0262 20000 0.4269 0.5303
```

### coef


```r
coef(unstd)
#>        cp         b         a      Y~~Y      M~~M      X~~X  indirect    direct 
#> 0.2333230 0.5081833 0.4819530 0.5461589 0.7526879 1.0589562 0.2449205 0.2333230 
#>     total 
#> 0.4782435
```

### vcov


```r
vcov(unstd)
#>                     cp             b             a          Y~~Y          M~~M
#> cp        6.751015e-04 -3.509735e-04 -2.553200e-06 -3.953631e-06  7.478266e-06
#> b        -3.509735e-04  7.297944e-04  5.751012e-07  3.850284e-06 -1.382112e-06
#> a        -2.553200e-06  5.751012e-07  7.117531e-04 -1.470161e-06  9.177084e-07
#> Y~~Y     -3.953631e-06  3.850284e-06 -1.470161e-06  5.996332e-04  8.157614e-06
#> M~~M      7.478266e-06 -1.382112e-06  9.177084e-07  8.157614e-06  1.131511e-03
#> X~~X      0.000000e+00  0.000000e+00  0.000000e+00  0.000000e+00  0.000000e+00
#> indirect -1.704810e-04  3.521473e-04  3.622169e-04  1.206229e-06 -2.783411e-07
#> direct    6.751015e-04 -3.509735e-04 -2.553200e-06 -3.953631e-06  7.478266e-06
#> total     5.046205e-04  1.173862e-06  3.596637e-04 -2.747401e-06  7.199925e-06
#>          X~~X      indirect        direct         total
#> cp          0 -1.704810e-04  6.751015e-04  5.046205e-04
#> b           0  3.521473e-04 -3.509735e-04  1.173862e-06
#> a           0  3.622169e-04 -2.553200e-06  3.596637e-04
#> Y~~Y        0  1.206229e-06 -3.953631e-06 -2.747401e-06
#> M~~M        0 -2.783411e-07  7.478266e-06  7.199925e-06
#> X~~X        0  0.000000e+00  0.000000e+00  0.000000e+00
#> indirect    0  3.545041e-04 -1.704810e-04  1.840231e-04
#> direct      0 -1.704810e-04  6.751015e-04  5.046205e-04
#> total       0  1.840231e-04  5.046205e-04  6.886437e-04
```

### confint


```r
confint(unstd, level = 0.95)
#>              2.5 %    97.5 %
#> cp       0.1821802 0.2846634
#> b        0.4558135 0.5619092
#> a        0.4297077 0.5341542
#> Y~~Y     0.4977941 0.5942698
#> M~~M     0.6872893 0.8188006
#> X~~X     1.0589562 1.0589562
#> indirect 0.2091849 0.2830228
#> direct   0.1821802 0.2846634
#> total    0.4269162 0.5302904
```

## Standardized Monte Carlo Confidence Intervals


```r
fit <- sem(data = df, model = model, fixed.x = FALSE)
unstd <- MC(fit, R = 20000L, alpha = 0.05)
```


```r
std <- MCStd(unstd, alpha = 0.05)
```

## Methods

### print


```r
print(std)
#> Standardized Monte Carlo Confidence Intervals
#>             est     se     R   2.5%  97.5%
#> cp       0.2422 0.0269 20000 0.1891 0.2942
#> b        0.5123 0.0247 20000 0.4629 0.5600
#> a        0.4963 0.0238 20000 0.4486 0.5419
#> Y~~Y     0.5558 0.0235 20000 0.5100 0.6016
#> M~~M     0.7537 0.0235 20000 0.7064 0.7987
#> X~~X     1.0000 0.0000 20000 1.0000 1.0000
#> indirect 0.2542 0.0175 20000 0.2206 0.2889
#> direct   0.2422 0.0269 20000 0.1891 0.2942
#> total    0.4964 0.0238 20000 0.4485 0.5411
```

### summary


```r
summary(std)
#> Standardized Monte Carlo Confidence Intervals
#>             est     se     R   2.5%  97.5%
#> cp       0.2422 0.0269 20000 0.1891 0.2942
#> b        0.5123 0.0247 20000 0.4629 0.5600
#> a        0.4963 0.0238 20000 0.4486 0.5419
#> Y~~Y     0.5558 0.0235 20000 0.5100 0.6016
#> M~~M     0.7537 0.0235 20000 0.7064 0.7987
#> X~~X     1.0000 0.0000 20000 1.0000 1.0000
#> indirect 0.2542 0.0175 20000 0.2206 0.2889
#> direct   0.2422 0.0269 20000 0.1891 0.2942
#> total    0.4964 0.0238 20000 0.4485 0.5411
```

### coef


```r
coef(std)
#>        cp         b         a      Y~~Y      M~~M      X~~X  indirect    direct 
#> 0.2422015 0.5122827 0.4962890 0.5557501 0.7536972 1.0000000 0.2542403 0.2422015 
#>     total 
#> 0.4964418
```

### vcov


```r
vcov(std)
#>                     cp             b             a          Y~~Y          M~~M
#> cp        7.241583e-04 -4.714386e-04  5.265671e-06 -1.233529e-04 -5.052660e-06
#> b        -4.714386e-04  6.096070e-04  1.667062e-05 -3.062279e-04 -1.678711e-05
#> a         5.265671e-06  1.667062e-05  5.646667e-04 -1.654693e-04 -5.592787e-04
#> Y~~Y     -1.233529e-04 -3.062279e-04 -1.654693e-04  5.499453e-04  1.640927e-04
#> M~~M     -5.052660e-06 -1.678711e-05 -5.592787e-04  1.640927e-04  5.545714e-04
#> X~~X     -5.564778e-21  2.671962e-21 -2.584245e-20  7.283141e-21  2.490841e-20
#> indirect -2.313471e-04  3.110444e-04  2.976466e-04 -2.365643e-04 -2.949633e-04
#> direct    7.241583e-04 -4.714386e-04  5.265671e-06 -1.233529e-04 -5.052660e-06
#> total     4.928112e-04 -1.603942e-04  3.029122e-04 -3.599172e-04 -3.000159e-04
#>                   X~~X      indirect        direct         total
#> cp       -5.564778e-21 -2.313471e-04  7.241583e-04  4.928112e-04
#> b         2.671962e-21  3.110444e-04 -4.714386e-04 -1.603942e-04
#> a        -2.584245e-20  2.976466e-04  5.265671e-06  3.029122e-04
#> Y~~Y      7.283141e-21 -2.365643e-04 -1.233529e-04 -3.599172e-04
#> M~~M      2.490841e-20 -2.949633e-04 -5.052660e-06 -3.000159e-04
#> X~~X      1.198081e-32 -1.135443e-20 -5.564778e-21 -1.691920e-20
#> indirect -1.135443e-20  3.072246e-04 -2.313471e-04  7.587756e-05
#> direct   -5.564778e-21 -2.313471e-04  7.241583e-04  4.928112e-04
#> total    -1.691920e-20  7.587756e-05  4.928112e-04  5.686887e-04
```

### confint


```r
confint(std, level = 0.95)
#>              2.5 %    97.5 %
#> cp       0.1891047 0.2941540
#> b        0.4628531 0.5599506
#> a        0.4486455 0.5418799
#> Y~~Y     0.5099819 0.6016381
#> M~~M     0.7063661 0.7987172
#> X~~X     1.0000000 1.0000000
#> indirect 0.2206043 0.2888816
#> direct   0.1891047 0.2941540
#> total    0.4485244 0.5411191
```

# References
