---
title: "semmcci: Methods (MC)"
author: "Ivan Jacob Agaloos Pesigan"
date: "2023-08-24"
bibliography: "vignettes.bib"
csl: https://raw.githubusercontent.com/citation-style-language/styles/master/apa.csl
nocite: |
  @Pesigan-Cheung-2023
output:
  rmarkdown::html_vignette:
    toc: true
vignette: >
  %\VignetteIndexEntry{semmcci: Methods (MC)}
  %\VignetteEngine{knitr::rmarkdown}
  %\VignetteEncoding{UTF-8}
---

<!-- vignettes/methods-mc.Rmd is generated from .setup/vignettes/methods-mc.Rmd.orig. Please edit that file -->






```r
library(semmcci)
library(lavaan)
```

## Data




```r
summary(df)
#>        X                   M                   Y           
#>  Min.   :-3.199558   Min.   :-3.371276   Min.   :-3.61432  
#>  1st Qu.:-0.636035   1st Qu.:-0.692640   1st Qu.:-0.66146  
#>  Median : 0.011377   Median : 0.007125   Median :-0.04726  
#>  Mean   :-0.003207   Mean   :-0.023968   Mean   :-0.01677  
#>  3rd Qu.: 0.651951   3rd Qu.: 0.647363   3rd Qu.: 0.62640  
#>  Max.   : 3.470910   Max.   : 2.963216   Max.   : 3.09950
colMeans(df)
#>            X            M            Y 
#> -0.003206987 -0.023968103 -0.016774294
var(df)
#>           X         M         Y
#> X 1.0600162 0.5108780 0.5069458
#> M 0.5108780 0.9996606 0.6272104
#> Y 0.5069458 0.6272104 0.9837255
```

## Model Specification


```r
model <- "
  Y ~ cp * X + b * M
  M ~ a * X
  indirect := a * b
  direct := cp
  total := cp + (a * b)
"
```

## Model Fitting


```r
fit <- sem(data = df, model = model)
```

## Monte Carlo Confidence Intervals


```r
unstd <- MC(fit, R = 20000L, alpha = 0.05)
```

## Methods

### print


```r
print(unstd)
#> Monte Carlo Confidence Intervals
#>             est     se     R   2.5%  97.5%
#> cp       0.2333 0.0259 20000 0.1825 0.2840
#> b        0.5082 0.0270 20000 0.4551 0.5626
#> a        0.4820 0.0267 20000 0.4299 0.5340
#> Y~~Y     0.5462 0.0244 20000 0.4982 0.5943
#> M~~M     0.7527 0.0337 20000 0.6858 0.8185
#> X~~X     1.0590 0.0000 20000 1.0590 1.0590
#> indirect 0.2449 0.0189 20000 0.2092 0.2831
#> direct   0.2333 0.0259 20000 0.1825 0.2840
#> total    0.4782 0.0264 20000 0.4265 0.5303
```

### summary


```r
summary(unstd)
#> Monte Carlo Confidence Intervals
#>             est     se     R   2.5%  97.5%
#> cp       0.2333 0.0259 20000 0.1825 0.2840
#> b        0.5082 0.0270 20000 0.4551 0.5626
#> a        0.4820 0.0267 20000 0.4299 0.5340
#> Y~~Y     0.5462 0.0244 20000 0.4982 0.5943
#> M~~M     0.7527 0.0337 20000 0.6858 0.8185
#> X~~X     1.0590 0.0000 20000 1.0590 1.0590
#> indirect 0.2449 0.0189 20000 0.2092 0.2831
#> direct   0.2333 0.0259 20000 0.1825 0.2840
#> total    0.4782 0.0264 20000 0.4265 0.5303
```

### coef


```r
coef(unstd)
#>        cp         b         a      Y~~Y      M~~M      X~~X  indirect    direct 
#> 0.2333230 0.5081833 0.4819530 0.5461589 0.7526879 1.0589562 0.2449205 0.2333230 
#>     total 
#> 0.4782435
```

### vcov


```r
vcov(unstd)
#>                     cp             b             a          Y~~Y          M~~M
#> cp        6.698678e-04 -3.418788e-04 -2.511289e-06  7.785064e-06  8.941505e-06
#> b        -3.418788e-04  7.298767e-04  6.727733e-06 -3.848942e-06 -1.162583e-05
#> a        -2.511289e-06  6.727733e-06  7.131897e-04  2.365271e-06  3.854674e-06
#> Y~~Y      7.785064e-06 -3.848942e-06  2.365271e-06  5.952141e-04  1.588787e-07
#> M~~M      8.941505e-06 -1.162583e-05  3.854674e-06  1.588787e-07  1.137079e-03
#> X~~X      0.000000e+00  0.000000e+00  0.000000e+00  0.000000e+00  0.000000e+00
#> indirect -1.661846e-04  3.550364e-04  3.662859e-04 -6.815655e-07 -3.460301e-06
#> direct    6.698678e-04 -3.418788e-04 -2.511289e-06  7.785064e-06  8.941505e-06
#> total     5.036832e-04  1.315757e-05  3.637746e-04  7.103498e-06  5.481204e-06
#>          X~~X      indirect        direct        total
#> cp          0 -1.661846e-04  6.698678e-04 5.036832e-04
#> b           0  3.550364e-04 -3.418788e-04 1.315757e-05
#> a           0  3.662859e-04 -2.511289e-06 3.637746e-04
#> Y~~Y        0 -6.815655e-07  7.785064e-06 7.103498e-06
#> M~~M        0 -3.460301e-06  8.941505e-06 5.481204e-06
#> X~~X        0  0.000000e+00  0.000000e+00 0.000000e+00
#> indirect    0  3.580066e-04 -1.661846e-04 1.918220e-04
#> direct      0 -1.661846e-04  6.698678e-04 5.036832e-04
#> total       0  1.918220e-04  5.036832e-04 6.955052e-04
```

### confint


```r
confint(unstd, level = 0.95)
#>              2.5 %    97.5 %
#> cp       0.1824977 0.2839533
#> b        0.4550550 0.5626137
#> a        0.4298673 0.5339546
#> Y~~Y     0.4982221 0.5943282
#> M~~M     0.6857817 0.8184932
#> X~~X     1.0589562 1.0589562
#> indirect 0.2092403 0.2831368
#> direct   0.1824977 0.2839533
#> total    0.4265177 0.5302949
```

## Standardized Monte Carlo Confidence Intervals


```r
fit <- sem(data = df, model = model, fixed.x = FALSE)
unstd <- MC(fit, R = 20000L, alpha = 0.05)
```


```r
std <- MCStd(unstd, alpha = 0.05)
```

## Methods

### print


```r
print(std)
#> Standardized Monte Carlo Confidence Intervals
#>             est     se     R   2.5%  97.5%
#> cp       0.2422 0.0267 20000 0.1902 0.2945
#> b        0.5123 0.0247 20000 0.4633 0.5600
#> a        0.4963 0.0238 20000 0.4489 0.5422
#> Y~~Y     0.5558 0.0236 20000 0.5093 0.6020
#> M~~M     0.7537 0.0236 20000 0.7060 0.7985
#> X~~X     1.0000 0.0000 20000 1.0000 1.0000
#> indirect 0.2542 0.0176 20000 0.2200 0.2887
#> direct   0.2422 0.0267 20000 0.1902 0.2945
#> total    0.4964 0.0237 20000 0.4493 0.5417
```

### summary


```r
summary(std)
#> Standardized Monte Carlo Confidence Intervals
#>             est     se     R   2.5%  97.5%
#> cp       0.2422 0.0267 20000 0.1902 0.2945
#> b        0.5123 0.0247 20000 0.4633 0.5600
#> a        0.4963 0.0238 20000 0.4489 0.5422
#> Y~~Y     0.5558 0.0236 20000 0.5093 0.6020
#> M~~M     0.7537 0.0236 20000 0.7060 0.7985
#> X~~X     1.0000 0.0000 20000 1.0000 1.0000
#> indirect 0.2542 0.0176 20000 0.2200 0.2887
#> direct   0.2422 0.0267 20000 0.1902 0.2945
#> total    0.4964 0.0237 20000 0.4493 0.5417
```

### coef


```r
coef(std)
#>        cp         b         a      Y~~Y      M~~M      X~~X  indirect    direct 
#> 0.2422015 0.5122827 0.4962890 0.5557501 0.7536972 1.0000000 0.2542403 0.2422015 
#>     total 
#> 0.4964418
```

### vcov


```r
vcov(std)
#>                     cp             b             a          Y~~Y          M~~M
#> cp        7.106463e-04 -4.641505e-04  2.090473e-06 -1.190085e-04 -2.336764e-06
#> b        -4.641505e-04  6.100509e-04  2.159425e-05 -3.151617e-04 -2.100714e-05
#> a         2.090473e-06  2.159425e-05  5.669848e-04 -1.692167e-04 -5.616120e-04
#> Y~~Y     -1.190085e-04 -3.151617e-04 -1.692167e-04  5.583720e-04  1.674119e-04
#> M~~M     -2.336764e-06 -2.100714e-05 -5.616120e-04  1.674119e-04  5.569420e-04
#> X~~X     -2.023161e-20  1.226864e-21  1.082353e-20  1.677029e-20 -1.014443e-20
#> indirect -2.292617e-04  3.136787e-04  3.007024e-04 -2.427458e-04 -2.976819e-04
#> direct    7.106463e-04 -4.641505e-04  2.090473e-06 -1.190085e-04 -2.336764e-06
#> total     4.813846e-04 -1.504718e-04  3.027929e-04 -3.617543e-04 -3.000187e-04
#>                   X~~X      indirect        direct         total
#> cp       -2.023161e-20 -2.292617e-04  7.106463e-04  4.813846e-04
#> b         1.226864e-21  3.136787e-04 -4.641505e-04 -1.504718e-04
#> a         1.082353e-20  3.007024e-04  2.090473e-06  3.027929e-04
#> Y~~Y      1.677029e-20 -2.427458e-04 -1.190085e-04 -3.617543e-04
#> M~~M     -1.014443e-20 -2.976819e-04 -2.336764e-06 -3.000187e-04
#> X~~X      1.183659e-32  6.040094e-21 -2.023161e-20 -1.419152e-20
#> indirect  6.040094e-21  3.097557e-04 -2.292617e-04  8.049401e-05
#> direct   -2.023161e-20 -2.292617e-04  7.106463e-04  4.813846e-04
#> total    -1.419152e-20  8.049401e-05  4.813846e-04  5.618786e-04
```

### confint


```r
confint(std, level = 0.95)
#>              2.5 %    97.5 %
#> cp       0.1902021 0.2945316
#> b        0.4633381 0.5599704
#> a        0.4488571 0.5422108
#> Y~~Y     0.5093152 0.6020344
#> M~~M     0.7060074 0.7985273
#> X~~X     1.0000000 1.0000000
#> indirect 0.2200216 0.2886655
#> direct   0.1902021 0.2945316
#> total    0.4492510 0.5416892
```

# References
