---
title: "semmcci: Methods (MI)"
author: "Ivan Jacob Agaloos Pesigan"
date: "2023-07-21"
bibliography: "vignettes.bib"
csl: https://raw.githubusercontent.com/citation-style-language/styles/master/apa.csl
nocite: |
  @Pesigan-Cheung-2023
output:
  rmarkdown::html_vignette:
    toc: true
vignette: >
  %\VignetteIndexEntry{semmcci: Methods (MI)}
  %\VignetteEngine{knitr::rmarkdown}
  %\VignetteEncoding{UTF-8}
---

<!-- vignettes/methods-mc-mi.Rmd is generated from .setup/vignettes/methods-mc-mi.Rmd.orig. Please edit that file -->






```r
library(semmcci)
library(lavaan)
```

## Data




```r
summary(df)
#>        X                  M                  Y           
#>  Min.   :-3.19956   Min.   :-3.37128   Min.   :-3.61432  
#>  1st Qu.:-0.63268   1st Qu.:-0.70516   1st Qu.:-0.66921  
#>  Median : 0.02823   Median : 0.02825   Median :-0.04833  
#>  Mean   : 0.00269   Mean   :-0.01992   Mean   :-0.01538  
#>  3rd Qu.: 0.65754   3rd Qu.: 0.65240   3rd Qu.: 0.65293  
#>  Max.   : 3.47091   Max.   : 2.93497   Max.   : 3.09950  
#>  NA's   :100        NA's   :100        NA's   :100
```

## Multiple Imputation

Perform the appropriate multiple imputation approach to deal with missing values.
In this example, we impute multivariate missing data under the normal model.


```r
mi <- mice::mice(
  df,
  method = "norm",
  m = 100,
  print = FALSE,
  seed = 42
)
```

## Model Specification


```r
model <- "
  Y ~ cp * X + b * M
  M ~ a * X
  X ~~ X
  indirect := a * b
  direct := cp
  total := cp + (a * b)
"
```

## Model Fitting


```r
fit <- sem(data = df, model = model)
```

## Monte Carlo Confidence Intervals


```r
unstd <- MCMI(fit, mi = mi, R = 20000L, alpha = 0.05)
```

## Methods

### print


```r
print(unstd)
#> Monte Carlo Confidence Intervals (Multiple Imputation Estimates)
#>             est     se     R   2.5%  97.5%
#> cp       0.2328 0.0297 20000 0.1741 0.2905
#> b        0.5113 0.0301 20000 0.4530 0.5706
#> a        0.4811 0.0285 20000 0.4252 0.5368
#> X~~X     1.0617 0.0493 20000 0.9647 1.1568
#> Y~~Y     0.5533 0.0272 20000 0.5000 0.6071
#> M~~M     0.7568 0.0361 20000 0.6860 0.8276
#> indirect 0.2460 0.0203 20000 0.2081 0.2868
#> direct   0.2328 0.0297 20000 0.1741 0.2905
#> total    0.4788 0.0285 20000 0.4229 0.5345
```

### summary


```r
summary(unstd)
#> Monte Carlo Confidence Intervals (Multiple Imputation Estimates)
#>             est     se     R   2.5%  97.5%
#> cp       0.2328 0.0297 20000 0.1741 0.2905
#> b        0.5113 0.0301 20000 0.4530 0.5706
#> a        0.4811 0.0285 20000 0.4252 0.5368
#> X~~X     1.0617 0.0493 20000 0.9647 1.1568
#> Y~~Y     0.5533 0.0272 20000 0.5000 0.6071
#> M~~M     0.7568 0.0361 20000 0.6860 0.8276
#> indirect 0.2460 0.0203 20000 0.2081 0.2868
#> direct   0.2328 0.0297 20000 0.1741 0.2905
#> total    0.4788 0.0285 20000 0.4229 0.5345
```

### coef


```r
coef(unstd)
#>        cp         b         a      X~~X      Y~~Y      M~~M  indirect    direct 
#> 0.2328242 0.5113353 0.4810732 1.0617011 0.5533052 0.7567771 0.2459664 0.2328242 
#>     total 
#> 0.4787907
```

### vcov


```r
vcov(unstd)
#>                     cp             b             a          X~~X          Y~~Y
#> cp        8.830559e-04 -4.730024e-04 -2.612789e-05  2.427258e-05 -1.838186e-05
#> b        -4.730024e-04  9.048094e-04 -2.178688e-05 -2.687012e-05 -2.869939e-05
#> a        -2.612789e-05 -2.178688e-05  8.125560e-04 -1.144925e-05  2.584064e-05
#> X~~X      2.427258e-05 -2.687012e-05 -1.144925e-05  2.430741e-03 -3.092728e-05
#> Y~~Y     -1.838186e-05 -2.869939e-05  2.584064e-05 -3.092728e-05  7.379525e-04
#> M~~M     -5.314835e-06  6.228078e-07 -6.544298e-05 -1.194627e-05 -2.583877e-06
#> indirect -2.409652e-04  4.241547e-04  4.050257e-04 -1.875192e-05 -8.634723e-07
#> direct    8.830559e-04 -4.730024e-04 -2.612789e-05  2.427258e-05 -1.838186e-05
#> total     6.420907e-04 -4.884772e-05  3.788978e-04  5.520658e-06 -1.924534e-05
#>                   M~~M      indirect        direct         total
#> cp       -5.314835e-06 -2.409652e-04  8.830559e-04  6.420907e-04
#> b         6.228078e-07  4.241547e-04 -4.730024e-04 -4.884772e-05
#> a        -6.544298e-05  4.050257e-04 -2.612789e-05  3.788978e-04
#> X~~X     -1.194627e-05 -1.875192e-05  2.427258e-05  5.520658e-06
#> Y~~Y     -2.583877e-06 -8.634723e-07 -1.838186e-05 -1.924534e-05
#> M~~M      1.306644e-03 -3.284567e-05 -5.314835e-06 -3.816051e-05
#> indirect -3.284567e-05  4.119030e-04 -2.409652e-04  1.709379e-04
#> direct   -5.314835e-06 -2.409652e-04  8.830559e-04  6.420907e-04
#> total    -3.816051e-05  1.709379e-04  6.420907e-04  8.130286e-04
```

### confint


```r
confint(unstd, level = 0.95)
#>              2.5 %    97.5 %
#> cp       0.1741423 0.2905423
#> b        0.4530111 0.5705598
#> a        0.4252097 0.5367773
#> X~~X     0.9646526 1.1567594
#> Y~~Y     0.5000269 0.6071144
#> M~~M     0.6860479 0.8275590
#> indirect 0.2080941 0.2867622
#> direct   0.1741423 0.2905423
#> total    0.4229156 0.5345229
```

## Standardized Monte Carlo Confidence Intervals


```r
fit <- sem(data = df, model = model, fixed.x = FALSE)
unstd <- MCMI(fit, mi = mi, R = 20000L, alpha = 0.05)
```


```r
std <- MCStd(unstd, alpha = 0.05)
```

## Methods

### print


```r
print(std)
#> Standardized Monte Carlo Confidence Intervals
#>             est     se     R   2.5%  97.5%
#> cp       0.2450 0.0304 20000 0.1804 0.3004
#> b        0.5189 0.0272 20000 0.4584 0.5652
#> a        0.5031 0.0260 20000 0.4425 0.5456
#> X~~X     1.0000 0.0000 20000 1.0000 1.0000
#> Y~~Y     0.5429 0.0248 20000 0.5074 0.6046
#> M~~M     0.7469 0.0257 20000 0.7023 0.8042
#> indirect 0.2610 0.0188 20000 0.2176 0.2911
#> direct   0.2450 0.0304 20000 0.1804 0.3004
#> total    0.5060 0.0262 20000 0.4416 0.5441
```

### summary


```r
summary(std)
#> Standardized Monte Carlo Confidence Intervals
#>             est     se     R   2.5%  97.5%
#> cp       0.2450 0.0304 20000 0.1804 0.3004
#> b        0.5189 0.0272 20000 0.4584 0.5652
#> a        0.5031 0.0260 20000 0.4425 0.5456
#> X~~X     1.0000 0.0000 20000 1.0000 1.0000
#> Y~~Y     0.5429 0.0248 20000 0.5074 0.6046
#> M~~M     0.7469 0.0257 20000 0.7023 0.8042
#> indirect 0.2610 0.0188 20000 0.2176 0.2911
#> direct   0.2450 0.0304 20000 0.1804 0.3004
#> total    0.5060 0.0262 20000 0.4416 0.5441
```

### coef


```r
coef(std)
#>        cp         b         a      X~~X      Y~~Y      M~~M  indirect    direct 
#> 0.2449797 0.5188628 0.5030687 1.0000000 0.5428754 0.7469219 0.2610236 0.2449797 
#>     total 
#> 0.5060033
```

### vcov


```r
vcov(std)
#>                     cp             b             a          X~~X          Y~~Y
#> cp        9.246731e-04 -6.003147e-04 -5.079302e-07 -4.097961e-20 -1.551315e-04
#> b        -6.003147e-04  7.390362e-04 -9.993707e-06 -2.057378e-21 -3.368312e-04
#> a        -5.079302e-07 -9.993707e-06  6.780793e-04  3.105270e-22 -1.528104e-04
#> X~~X     -4.097961e-20 -2.057378e-21  3.105270e-22  1.206031e-32  4.477067e-20
#> Y~~Y     -1.551315e-04 -3.368312e-04 -1.528104e-04  4.477067e-20  6.163526e-04
#> M~~M      9.261185e-07  9.798334e-06 -6.700544e-04 -1.372248e-21  1.506754e-04
#> indirect -2.975467e-04  3.608173e-04  3.428203e-04 -1.454190e-21 -2.449486e-04
#> direct    9.246731e-04 -6.003147e-04 -5.079302e-07 -4.097961e-20 -1.551315e-04
#> total     6.271264e-04 -2.394975e-04  3.423124e-04 -4.243380e-20 -4.000802e-04
#>                   M~~M      indirect        direct         total
#> cp        9.261185e-07 -2.975467e-04  9.246731e-04  6.271264e-04
#> b         9.798334e-06  3.608173e-04 -6.003147e-04 -2.394975e-04
#> a        -6.700544e-04  3.428203e-04 -5.079302e-07  3.423124e-04
#> X~~X     -1.372248e-21 -1.454190e-21 -4.097961e-20 -4.243380e-20
#> Y~~Y      1.506754e-04 -2.449486e-04 -1.551315e-04 -4.000802e-04
#> M~~M      6.630537e-04 -3.387997e-04  9.261185e-07 -3.378736e-04
#> indirect -3.387997e-04  3.549941e-04 -2.975467e-04  5.744739e-05
#> direct    9.261185e-07 -2.975467e-04  9.246731e-04  6.271264e-04
#> total    -3.378736e-04  5.744739e-05  6.271264e-04  6.845738e-04
```

### confint


```r
confint(std, level = 0.95)
#>              2.5 %    97.5 %
#> cp       0.1803796 0.3004246
#> b        0.4583747 0.5651513
#> a        0.4424586 0.5456278
#> X~~X     1.0000000 1.0000000
#> Y~~Y     0.5073978 0.6045586
#> M~~M     0.7022903 0.8042304
#> indirect 0.2176447 0.2910885
#> direct   0.1803796 0.3004246
#> total    0.4416063 0.5441033
```

## References
