---
title: "semmcci: Methods (MC)"
author: "Ivan Jacob Agaloos Pesigan"
date: "2023-07-21"
bibliography: "vignettes.bib"
csl: https://raw.githubusercontent.com/citation-style-language/styles/master/apa.csl
nocite: |
  @Pesigan-Cheung-2023
output:
  rmarkdown::html_vignette:
    toc: true
vignette: >
  %\VignetteIndexEntry{semmcci: Methods (MC)}
  %\VignetteEngine{knitr::rmarkdown}
  %\VignetteEncoding{UTF-8}
---

<!-- vignettes/methods-mc.Rmd is generated from .setup/vignettes/methods-mc.Rmd.orig. Please edit that file -->






```r
library(semmcci)
library(lavaan)
```

## Data




```r
summary(df)
#>        X                   M                   Y           
#>  Min.   :-3.199558   Min.   :-3.371276   Min.   :-3.61432  
#>  1st Qu.:-0.636035   1st Qu.:-0.692640   1st Qu.:-0.66146  
#>  Median : 0.011377   Median : 0.007125   Median :-0.04726  
#>  Mean   :-0.003207   Mean   :-0.023968   Mean   :-0.01677  
#>  3rd Qu.: 0.651951   3rd Qu.: 0.647363   3rd Qu.: 0.62640  
#>  Max.   : 3.470910   Max.   : 2.963216   Max.   : 3.09950
colMeans(df)
#>            X            M            Y 
#> -0.003206987 -0.023968103 -0.016774294
var(df)
#>           X         M         Y
#> X 1.0600162 0.5108780 0.5069458
#> M 0.5108780 0.9996606 0.6272104
#> Y 0.5069458 0.6272104 0.9837255
```

## Model Specification


```r
model <- "
  Y ~ cp * X + b * M
  M ~ a * X
  indirect := a * b
  direct := cp
  total := cp + (a * b)
"
```

## Model Fitting


```r
fit <- sem(data = df, model = model)
```

## Monte Carlo Confidence Intervals


```r
unstd <- MC(fit, R = 20000L, alpha = 0.05)
```

## Methods

### print


```r
print(unstd)
#> Monte Carlo Confidence Intervals
#>             est     se     R   2.5%  97.5%
#> cp       0.2333 0.0267 20000 0.1807 0.2857
#> b        0.5082 0.0271 20000 0.4545 0.5614
#> a        0.4820 0.0266 20000 0.4298 0.5338
#> Y~~Y     0.5462 0.0247 20000 0.4974 0.5949
#> M~~M     0.7527 0.0338 20000 0.6861 0.8180
#> X~~X     1.0590 0.0000 20000 1.0590 1.0590
#> indirect 0.2449 0.0188 20000 0.2090 0.2831
#> direct   0.2333 0.0267 20000 0.1807 0.2857
#> total    0.4782 0.0269 20000 0.4253 0.5304
```

### summary


```r
summary(unstd)
#> Monte Carlo Confidence Intervals
#>             est     se     R   2.5%  97.5%
#> cp       0.2333 0.0267 20000 0.1807 0.2857
#> b        0.5082 0.0271 20000 0.4545 0.5614
#> a        0.4820 0.0266 20000 0.4298 0.5338
#> Y~~Y     0.5462 0.0247 20000 0.4974 0.5949
#> M~~M     0.7527 0.0338 20000 0.6861 0.8180
#> X~~X     1.0590 0.0000 20000 1.0590 1.0590
#> indirect 0.2449 0.0188 20000 0.2090 0.2831
#> direct   0.2333 0.0267 20000 0.1807 0.2857
#> total    0.4782 0.0269 20000 0.4253 0.5304
```

### coef


```r
coef(unstd)
#>        cp         b         a      Y~~Y      M~~M      X~~X  indirect    direct 
#> 0.2333230 0.5081833 0.4819530 0.5461589 0.7526879 1.0589562 0.2449205 0.2333230 
#>     total 
#> 0.4782435
```

### vcov


```r
vcov(unstd)
#>                     cp             b             a          Y~~Y          M~~M
#> cp        7.104421e-04 -3.590411e-04  6.310544e-06 -3.886427e-06 -6.654259e-06
#> b        -3.590411e-04  7.343938e-04  1.737201e-06  4.894779e-06  6.038185e-06
#> a         6.310544e-06  1.737201e-06  7.080824e-04 -6.845885e-06 -4.200924e-06
#> Y~~Y     -3.886427e-06  4.894779e-06 -6.845885e-06  6.099245e-04  2.390528e-06
#> M~~M     -6.654259e-06  6.038185e-06 -4.200924e-06  2.390528e-06  1.140964e-03
#> X~~X      0.000000e+00  0.000000e+00  0.000000e+00  0.000000e+00  0.000000e+00
#> indirect -1.697241e-04  3.549103e-04  3.607991e-04 -1.229236e-06  7.247705e-07
#> direct    7.104421e-04 -3.590411e-04  6.310544e-06 -3.886427e-06 -6.654259e-06
#> total     5.407180e-04 -4.130830e-06  3.671096e-04 -5.115664e-06 -5.929489e-06
#>          X~~X      indirect        direct         total
#> cp          0 -1.697241e-04  7.104421e-04  5.407180e-04
#> b           0  3.549103e-04 -3.590411e-04 -4.130830e-06
#> a           0  3.607991e-04  6.310544e-06  3.671096e-04
#> Y~~Y        0 -1.229236e-06 -3.886427e-06 -5.115664e-06
#> M~~M        0  7.247705e-07 -6.654259e-06 -5.929489e-06
#> X~~X        0  0.000000e+00  0.000000e+00  0.000000e+00
#> indirect    0  3.550225e-04 -1.697241e-04  1.852984e-04
#> direct      0 -1.697241e-04  7.104421e-04  5.407180e-04
#> total       0  1.852984e-04  5.407180e-04  7.260165e-04
```

### confint


```r
confint(unstd, level = 0.95)
#>              2.5 %    97.5 %
#> cp       0.1807274 0.2856986
#> b        0.4545254 0.5614189
#> a        0.4298048 0.5337732
#> Y~~Y     0.4973760 0.5949310
#> M~~M     0.6860514 0.8180181
#> X~~X     1.0589562 1.0589562
#> indirect 0.2089526 0.2831451
#> direct   0.1807274 0.2856986
#> total    0.4253468 0.5304116
```

## Standardized Monte Carlo Confidence Intervals


```r
fit <- sem(data = df, model = model, fixed.x = FALSE)
unstd <- MC(fit, R = 20000L, alpha = 0.05)
```


```r
std <- MCStd(unstd, alpha = 0.05)
```

## Methods

### print


```r
print(std)
#> Standardized Monte Carlo Confidence Intervals
#>             est     se     R   2.5%  97.5%
#> cp       0.2422 0.0266 20000 0.1903 0.2937
#> b        0.5123 0.0246 20000 0.4628 0.5592
#> a        0.4963 0.0239 20000 0.4483 0.5420
#> Y~~Y     0.5558 0.0235 20000 0.5091 0.6013
#> M~~M     0.7537 0.0237 20000 0.7062 0.7991
#> X~~X     1.0000 0.0000 20000 1.0000 1.0000
#> indirect 0.2542 0.0176 20000 0.2201 0.2890
#> direct   0.2422 0.0266 20000 0.1903 0.2937
#> total    0.4964 0.0237 20000 0.4490 0.5409
```

### summary


```r
summary(std)
#> Standardized Monte Carlo Confidence Intervals
#>             est     se     R   2.5%  97.5%
#> cp       0.2422 0.0266 20000 0.1903 0.2937
#> b        0.5123 0.0246 20000 0.4628 0.5592
#> a        0.4963 0.0239 20000 0.4483 0.5420
#> Y~~Y     0.5558 0.0235 20000 0.5091 0.6013
#> M~~M     0.7537 0.0237 20000 0.7062 0.7991
#> X~~X     1.0000 0.0000 20000 1.0000 1.0000
#> indirect 0.2542 0.0176 20000 0.2201 0.2890
#> direct   0.2422 0.0266 20000 0.1903 0.2937
#> total    0.4964 0.0237 20000 0.4490 0.5409
```

### coef


```r
coef(std)
#>        cp         b         a      Y~~Y      M~~M      X~~X  indirect    direct 
#> 0.2422015 0.5122827 0.4962890 0.5557501 0.7536972 1.0000000 0.2542403 0.2422015 
#>     total 
#> 0.4964418
```

### vcov


```r
vcov(std)
#>                     cp             b             a          Y~~Y          M~~M
#> cp        7.077927e-04 -4.620555e-04  1.240603e-06 -1.179895e-04 -1.079283e-06
#> b        -4.620555e-04  6.048653e-04  2.247915e-05 -3.111939e-04 -2.237899e-05
#> a         1.240603e-06  2.247915e-05  5.707943e-04 -1.704930e-04 -5.651091e-04
#> Y~~Y     -1.179895e-04 -3.111939e-04 -1.704930e-04  5.524230e-04  1.688183e-04
#> M~~M     -1.079283e-06 -2.237899e-05 -5.651091e-04  1.688183e-04  5.601249e-04
#> X~~X     -5.740643e-20  3.865736e-20 -3.295161e-20  1.574120e-20  3.329957e-20
#> indirect -2.284965e-04  3.115196e-04  3.032645e-04 -2.415704e-04 -3.003370e-04
#> direct    7.077927e-04 -4.620555e-04  1.240603e-06 -1.179895e-04 -1.079283e-06
#> total     4.792962e-04 -1.505360e-04  3.045051e-04 -3.595599e-04 -3.014163e-04
#>                   X~~X      indirect        direct         total
#> cp       -5.740643e-20 -2.284965e-04  7.077927e-04  4.792962e-04
#> b         3.865736e-20  3.115196e-04 -4.620555e-04 -1.505360e-04
#> a        -3.295161e-20  3.032645e-04  1.240603e-06  3.045051e-04
#> Y~~Y      1.574120e-20 -2.415704e-04 -1.179895e-04 -3.595599e-04
#> M~~M      3.329957e-20 -3.003370e-04 -1.079283e-06 -3.014163e-04
#> X~~X      1.203258e-32  1.686651e-21 -5.740643e-20 -5.571977e-20
#> indirect  1.686651e-21  3.100639e-04 -2.284965e-04  8.156743e-05
#> direct   -5.740643e-20 -2.284965e-04  7.077927e-04  4.792962e-04
#> total    -5.571977e-20  8.156743e-05  4.792962e-04  5.608636e-04
```

### confint


```r
confint(std, level = 0.95)
#>              2.5 %    97.5 %
#> cp       0.1903282 0.2937492
#> b        0.4627942 0.5592271
#> a        0.4482670 0.5420045
#> Y~~Y     0.5090697 0.6012548
#> M~~M     0.7062311 0.7990567
#> X~~X     1.0000000 1.0000000
#> indirect 0.2200527 0.2890096
#> direct   0.1903282 0.2937492
#> total    0.4489987 0.5409480
```

# References
