---
title: "semmcci: Methods (MC)"
author: "Ivan Jacob Agaloos Pesigan"
date: "2023-07-21"
output:
  rmarkdown::html_vignette:
    toc: true
vignette: >
  %\VignetteIndexEntry{semmcci: Methods (MC)}
  %\VignetteEngine{knitr::rmarkdown}
  %\VignetteEncoding{UTF-8}
---

<!-- vignettes/methods-mc.Rmd is generated from .setup/vignettes/methods-mc.Rmd.orig. Please edit that file -->



To cite `semmcci` in publications, please use: 

Pesigan, I. J. A., & Cheung, S. F. (2023).
Monte Carlo confidence intervals for the indirect effect with missing data.
*Behavior Research Methods*.
https://doi.org/10.3758/s13428-023-02114-4




```r
library(semmcci)
library(lavaan)
```

## Data




```r
summary(df)
#>        X                   M                   Y           
#>  Min.   :-3.199558   Min.   :-3.371276   Min.   :-3.61432  
#>  1st Qu.:-0.636035   1st Qu.:-0.692640   1st Qu.:-0.66146  
#>  Median : 0.011377   Median : 0.007125   Median :-0.04726  
#>  Mean   :-0.003207   Mean   :-0.023968   Mean   :-0.01677  
#>  3rd Qu.: 0.651951   3rd Qu.: 0.647363   3rd Qu.: 0.62640  
#>  Max.   : 3.470910   Max.   : 2.963216   Max.   : 3.09950
colMeans(df)
#>            X            M            Y 
#> -0.003206987 -0.023968103 -0.016774294
var(df)
#>           X         M         Y
#> X 1.0600162 0.5108780 0.5069458
#> M 0.5108780 0.9996606 0.6272104
#> Y 0.5069458 0.6272104 0.9837255
```

## Model Specification


```r
model <- "
  Y ~ cp * X + b * M
  M ~ a * X
  indirect := a * b
  direct := cp
  total := cp + (a * b)
"
```

## Model Fitting


```r
fit <- sem(data = df, model = model)
```

## Monte Carlo Confidence Intervals


```r
unstd <- MC(fit, R = 20000L, alpha = 0.05)
```

## Methods

### print


```r
print(unstd)
#> Monte Carlo Confidence Intervals
#>             est     se     R   2.5%  97.5%
#> cp       0.2333 0.0262 20000 0.1823 0.2854
#> b        0.5082 0.0268 20000 0.4559 0.5611
#> a        0.4820 0.0265 20000 0.4306 0.5337
#> Y~~Y     0.5462 0.0243 20000 0.4987 0.5940
#> M~~M     0.7527 0.0338 20000 0.6863 0.8193
#> X~~X     1.0590 0.0000 20000 1.0590 1.0590
#> indirect 0.2449 0.0187 20000 0.2093 0.2824
#> direct   0.2333 0.0262 20000 0.1823 0.2854
#> total    0.4782 0.0264 20000 0.4263 0.5306
```

### summary


```r
summary(unstd)
#> Monte Carlo Confidence Intervals
#>             est     se     R   2.5%  97.5%
#> cp       0.2333 0.0262 20000 0.1823 0.2854
#> b        0.5082 0.0268 20000 0.4559 0.5611
#> a        0.4820 0.0265 20000 0.4306 0.5337
#> Y~~Y     0.5462 0.0243 20000 0.4987 0.5940
#> M~~M     0.7527 0.0338 20000 0.6863 0.8193
#> X~~X     1.0590 0.0000 20000 1.0590 1.0590
#> indirect 0.2449 0.0187 20000 0.2093 0.2824
#> direct   0.2333 0.0262 20000 0.1823 0.2854
#> total    0.4782 0.0264 20000 0.4263 0.5306
```

### coef


```r
coef(unstd)
#>        cp         b         a      Y~~Y      M~~M      X~~X  indirect    direct 
#> 0.2333230 0.5081833 0.4819530 0.5461589 0.7526879 1.0589562 0.2449205 0.2333230 
#>     total 
#> 0.4782435
```

### vcov


```r
vcov(unstd)
#>                     cp             b             a          Y~~Y          M~~M
#> cp        6.843265e-04 -3.464763e-04 -5.301904e-06  2.635721e-06  3.767639e-06
#> b        -3.464763e-04  7.194829e-04  2.522623e-06 -4.509276e-06  9.183137e-07
#> a        -5.301904e-06  2.522623e-06  7.033900e-04 -2.563601e-06 -4.964716e-06
#> Y~~Y      2.635721e-06 -4.509276e-06 -2.563601e-06  5.902157e-04  1.023265e-05
#> M~~M      3.767639e-06  9.183137e-07 -4.964716e-06  1.023265e-05  1.143230e-03
#> X~~X      0.000000e+00  0.000000e+00  0.000000e+00  0.000000e+00  0.000000e+00
#> indirect -1.696026e-04  3.480012e-04  3.584554e-04 -3.647879e-06 -1.878240e-06
#> direct    6.843265e-04 -3.464763e-04 -5.301904e-06  2.635721e-06  3.767639e-06
#> total     5.147239e-04  1.524929e-06  3.531535e-04 -1.012158e-06  1.889399e-06
#>          X~~X      indirect        direct         total
#> cp          0 -1.696026e-04  6.843265e-04  5.147239e-04
#> b           0  3.480012e-04 -3.464763e-04  1.524929e-06
#> a           0  3.584554e-04 -5.301904e-06  3.531535e-04
#> Y~~Y        0 -3.647879e-06  2.635721e-06 -1.012158e-06
#> M~~M        0 -1.878240e-06  3.767639e-06  1.889399e-06
#> X~~X        0  0.000000e+00  0.000000e+00  0.000000e+00
#> indirect    0  3.502533e-04 -1.696026e-04  1.806507e-04
#> direct      0 -1.696026e-04  6.843265e-04  5.147239e-04
#> total       0  1.806507e-04  5.147239e-04  6.953746e-04
```

### confint


```r
confint(unstd, level = 0.95)
#>              2.5 %    97.5 %
#> cp       0.1822901 0.2854165
#> b        0.4558982 0.5610733
#> a        0.4305632 0.5337227
#> Y~~Y     0.4986992 0.5940220
#> M~~M     0.6863325 0.8193265
#> X~~X     1.0589562 1.0589562
#> indirect 0.2092881 0.2823990
#> direct   0.1822901 0.2854165
#> total    0.4263342 0.5305577
```

## Standardized Monte Carlo Confidence Intervals


```r
fit <- sem(data = df, model = model, fixed.x = FALSE)
unstd <- MC(fit, R = 20000L, alpha = 0.05)
```


```r
std <- MCStd(unstd, alpha = 0.05)
```

## Methods

### print


```r
print(std)
#> Standardized Monte Carlo Confidence Intervals
#>             est     se     R   2.5%  97.5%
#> cp       0.2422 0.0267 20000 0.1898 0.2943
#> b        0.5123 0.0248 20000 0.4631 0.5596
#> a        0.4963 0.0239 20000 0.4484 0.5417
#> Y~~Y     0.5558 0.0235 20000 0.5095 0.6021
#> M~~M     0.7537 0.0237 20000 0.7066 0.7989
#> X~~X     1.0000 0.0000 20000 1.0000 1.0000
#> indirect 0.2542 0.0175 20000 0.2194 0.2883
#> direct   0.2422 0.0267 20000 0.1898 0.2943
#> total    0.4964 0.0238 20000 0.4480 0.5411
```

### summary


```r
summary(std)
#> Standardized Monte Carlo Confidence Intervals
#>             est     se     R   2.5%  97.5%
#> cp       0.2422 0.0267 20000 0.1898 0.2943
#> b        0.5123 0.0248 20000 0.4631 0.5596
#> a        0.4963 0.0239 20000 0.4484 0.5417
#> Y~~Y     0.5558 0.0235 20000 0.5095 0.6021
#> M~~M     0.7537 0.0237 20000 0.7066 0.7989
#> X~~X     1.0000 0.0000 20000 1.0000 1.0000
#> indirect 0.2542 0.0175 20000 0.2194 0.2883
#> direct   0.2422 0.0267 20000 0.1898 0.2943
#> total    0.4964 0.0238 20000 0.4480 0.5411
```

### coef


```r
coef(std)
#>        cp         b         a      Y~~Y      M~~M      X~~X  indirect    direct 
#> 0.2422015 0.5122827 0.4962890 0.5557501 0.7536972 1.0000000 0.2542403 0.2422015 
#>     total 
#> 0.4964418
```

### vcov


```r
vcov(std)
#>                     cp             b             a          Y~~Y          M~~M
#> cp        7.132325e-04 -4.681361e-04  6.772259e-06 -1.168603e-04 -6.853704e-06
#> b        -4.681361e-04  6.146038e-04  1.334846e-05 -3.150472e-04 -1.295061e-05
#> a         6.772259e-06  1.334846e-05  5.734327e-04 -1.648018e-04 -5.675853e-04
#> Y~~Y     -1.168603e-04 -3.150472e-04 -1.648018e-04  5.543389e-04  1.629623e-04
#> M~~M     -6.853704e-06 -1.295061e-05 -5.675853e-04  1.629623e-04  5.624545e-04
#> X~~X     -1.571456e-20  4.873966e-21 -1.214500e-20  1.285817e-20  9.993165e-21
#> indirect -2.284526e-04  3.112185e-04  2.998553e-04 -2.401460e-04 -2.966870e-04
#> direct    7.132325e-04 -4.681361e-04  6.772259e-06 -1.168603e-04 -6.853704e-06
#> total     4.847799e-04 -1.569176e-04  3.066276e-04 -3.570064e-04 -3.035407e-04
#>                   X~~X      indirect        direct         total
#> cp       -1.571456e-20 -2.284526e-04  7.132325e-04  4.847799e-04
#> b         4.873966e-21  3.112185e-04 -4.681361e-04 -1.569176e-04
#> a        -1.214500e-20  2.998553e-04  6.772259e-06  3.066276e-04
#> Y~~Y      1.285817e-20 -2.401460e-04 -1.168603e-04 -3.570064e-04
#> M~~M      9.993165e-21 -2.966870e-04 -6.853704e-06 -3.035407e-04
#> X~~X      1.217988e-32 -3.560847e-21 -1.571456e-20 -1.927541e-20
#> indirect -3.560847e-21  3.078310e-04 -2.284526e-04  7.937832e-05
#> direct   -1.571456e-20 -2.284526e-04  7.132325e-04  4.847799e-04
#> total    -1.927541e-20  7.937832e-05  4.847799e-04  5.641582e-04
```

### confint


```r
confint(std, level = 0.95)
#>              2.5 %    97.5 %
#> cp       0.1897732 0.2942642
#> b        0.4631258 0.5595953
#> a        0.4484189 0.5416973
#> Y~~Y     0.5094534 0.6021062
#> M~~M     0.7065641 0.7989205
#> X~~X     1.0000000 1.0000000
#> indirect 0.2194301 0.2882917
#> direct   0.1897732 0.2942642
#> total    0.4480023 0.5411274
```
