---
title: "semmcci: Methods (MI)"
author: "Ivan Jacob Agaloos Pesigan"
date: "2023-08-29"
bibliography: "vignettes.bib"
csl: https://raw.githubusercontent.com/citation-style-language/styles/master/apa.csl
nocite: |
  @Pesigan-Cheung-2023
output:
  rmarkdown::html_vignette:
    toc: true
vignette: >
  %\VignetteIndexEntry{semmcci: Methods (MI)}
  %\VignetteEngine{knitr::rmarkdown}
  %\VignetteEncoding{UTF-8}
---

<!-- vignettes/methods-mc-mi.Rmd is generated from .setup/vignettes/methods-mc-mi.Rmd.orig. Please edit that file -->






```r
library(semmcci)
library(lavaan)
```

## Data




```r
summary(df)
#>        X                  M                  Y           
#>  Min.   :-3.19956   Min.   :-3.37128   Min.   :-3.61432  
#>  1st Qu.:-0.63268   1st Qu.:-0.70516   1st Qu.:-0.66921  
#>  Median : 0.02823   Median : 0.02825   Median :-0.04833  
#>  Mean   : 0.00269   Mean   :-0.01992   Mean   :-0.01538  
#>  3rd Qu.: 0.65754   3rd Qu.: 0.65240   3rd Qu.: 0.65293  
#>  Max.   : 3.47091   Max.   : 2.93497   Max.   : 3.09950  
#>  NA's   :100        NA's   :100        NA's   :100
```

## Multiple Imputation

Perform the appropriate multiple imputation approach to deal with missing values.
In this example, we impute multivariate missing data under the normal model.


```r
mi <- mice::mice(
  df,
  method = "norm",
  m = 100,
  print = FALSE,
  seed = 42
)
```

## Model Specification


```r
model <- "
  Y ~ cp * X + b * M
  M ~ a * X
  X ~~ X
  indirect := a * b
  direct := cp
  total := cp + (a * b)
"
```

## Model Fitting


```r
fit <- sem(data = df, model = model)
```

## Monte Carlo Confidence Intervals


```r
unstd <- MCMI(fit, mi = mi, R = 20000L, alpha = 0.05)
```

## Methods

### print


```r
print(unstd)
#> Monte Carlo Confidence Intervals (Multiple Imputation Estimates)
#>             est     se     R   2.5%  97.5%
#> cp       0.2328 0.0297 20000 0.1745 0.2910
#> b        0.5113 0.0299 20000 0.4534 0.5702
#> a        0.4811 0.0289 20000 0.4240 0.5378
#> X~~X     1.0617 0.0495 20000 0.9647 1.1586
#> Y~~Y     0.5533 0.0269 20000 0.5002 0.6051
#> M~~M     0.7568 0.0365 20000 0.6854 0.8284
#> indirect 0.2460 0.0203 20000 0.2076 0.2872
#> direct   0.2328 0.0297 20000 0.1745 0.2910
#> total    0.4788 0.0287 20000 0.4219 0.5342
```

### summary


```r
summary(unstd)
#> Monte Carlo Confidence Intervals (Multiple Imputation Estimates)
#>             est     se     R   2.5%  97.5%
#> cp       0.2328 0.0297 20000 0.1745 0.2910
#> b        0.5113 0.0299 20000 0.4534 0.5702
#> a        0.4811 0.0289 20000 0.4240 0.5378
#> X~~X     1.0617 0.0495 20000 0.9647 1.1586
#> Y~~Y     0.5533 0.0269 20000 0.5002 0.6051
#> M~~M     0.7568 0.0365 20000 0.6854 0.8284
#> indirect 0.2460 0.0203 20000 0.2076 0.2872
#> direct   0.2328 0.0297 20000 0.1745 0.2910
#> total    0.4788 0.0287 20000 0.4219 0.5342
```

### coef


```r
coef(unstd)
#>        cp         b         a      X~~X      Y~~Y      M~~M  indirect    direct 
#> 0.2328242 0.5113353 0.4810732 1.0617011 0.5533052 0.7567771 0.2459664 0.2328242 
#>     total 
#> 0.4787907
```

### vcov


```r
vcov(unstd)
#>                     cp             b             a          X~~X          Y~~Y
#> cp        8.839925e-04 -4.718145e-04 -1.872818e-05  3.004048e-05 -2.060614e-05
#> b        -4.718145e-04  8.937051e-04 -2.556252e-05 -2.864866e-05 -2.764512e-05
#> a        -1.872818e-05 -2.556252e-05  8.350037e-04 -1.273255e-05  2.750587e-05
#> X~~X      3.004048e-05 -2.864866e-05 -1.273255e-05  2.447221e-03 -9.522189e-06
#> Y~~Y     -2.060614e-05 -2.764512e-05  2.750587e-05 -9.522189e-06  7.232966e-04
#> M~~M      4.188270e-06 -2.386443e-06 -6.296956e-05 -1.115348e-05 -6.693521e-06
#> indirect -2.360520e-04  4.165185e-04  4.146564e-04 -2.008929e-05  6.468272e-07
#> direct    8.839925e-04 -4.718145e-04 -1.872818e-05  3.004048e-05 -2.060614e-05
#> total     6.479405e-04 -5.529603e-05  3.959282e-04  9.951188e-06 -1.995931e-05
#>                   M~~M      indirect        direct         total
#> cp        4.188270e-06 -2.360520e-04  8.839925e-04  6.479405e-04
#> b        -2.386443e-06  4.165185e-04 -4.718145e-04 -5.529603e-05
#> a        -6.296956e-05  4.146564e-04 -1.872818e-05  3.959282e-04
#> X~~X     -1.115348e-05 -2.008929e-05  3.004048e-05  9.951188e-06
#> Y~~Y     -6.693521e-06  6.468272e-07 -2.060614e-05 -1.995931e-05
#> M~~M      1.330962e-03 -3.356123e-05  4.188270e-06 -2.937296e-05
#> indirect -3.356123e-05  4.129837e-04 -2.360520e-04  1.769318e-04
#> direct    4.188270e-06 -2.360520e-04  8.839925e-04  6.479405e-04
#> total    -2.937296e-05  1.769318e-04  6.479405e-04  8.248723e-04
```

### confint


```r
confint(unstd, level = 0.95)
#>              2.5 %    97.5 %
#> cp       0.1745200 0.2910136
#> b        0.4534318 0.5702077
#> a        0.4239535 0.5377627
#> X~~X     0.9647178 1.1586189
#> Y~~Y     0.5002000 0.6050878
#> M~~M     0.6853670 0.8284364
#> indirect 0.2075819 0.2871887
#> direct   0.1745200 0.2910136
#> total    0.4219410 0.5342022
```

## Standardized Monte Carlo Confidence Intervals


```r
fit <- sem(data = df, model = model, fixed.x = FALSE)
unstd <- MCMI(fit, mi = mi, R = 20000L, alpha = 0.05)
```


```r
std <- MCStd(unstd, alpha = 0.05)
```

## Methods

### print


```r
print(std)
#> Standardized Monte Carlo Confidence Intervals
#>             est     se     R   2.5%  97.5%
#> cp       0.2450 0.0303 20000 0.1802 0.3000
#> b        0.5189 0.0274 20000 0.4589 0.5658
#> a        0.5031 0.0260 20000 0.4427 0.5447
#> X~~X     1.0000 0.0000 20000 1.0000 1.0000
#> Y~~Y     0.5429 0.0249 20000 0.5070 0.6043
#> M~~M     0.7469 0.0257 20000 0.7033 0.8040
#> indirect 0.2610 0.0191 20000 0.2167 0.2920
#> direct   0.2450 0.0303 20000 0.1802 0.3000
#> total    0.5060 0.0257 20000 0.4433 0.5438
```

### summary


```r
summary(std)
#> Standardized Monte Carlo Confidence Intervals
#>             est     se     R   2.5%  97.5%
#> cp       0.2450 0.0303 20000 0.1802 0.3000
#> b        0.5189 0.0274 20000 0.4589 0.5658
#> a        0.5031 0.0260 20000 0.4427 0.5447
#> X~~X     1.0000 0.0000 20000 1.0000 1.0000
#> Y~~Y     0.5429 0.0249 20000 0.5070 0.6043
#> M~~M     0.7469 0.0257 20000 0.7033 0.8040
#> indirect 0.2610 0.0191 20000 0.2167 0.2920
#> direct   0.2450 0.0303 20000 0.1802 0.3000
#> total    0.5060 0.0257 20000 0.4433 0.5438
```

### coef


```r
coef(std)
#>        cp         b         a      X~~X      Y~~Y      M~~M  indirect    direct 
#> 0.2449797 0.5188628 0.5030687 1.0000000 0.5428754 0.7469219 0.2610236 0.2449797 
#>     total 
#> 0.5060033
```

### vcov


```r
vcov(std)
#>                     cp             b             a          X~~X          Y~~Y
#> cp        9.201307e-04 -6.023214e-04 -2.828560e-05 -3.075387e-21 -1.414211e-04
#> b        -6.023214e-04  7.491535e-04  7.073074e-06  1.430063e-20 -3.518557e-04
#> a        -2.828560e-05  7.073074e-06  6.770529e-04 -8.066666e-21 -1.471054e-04
#> X~~X     -3.075387e-21  1.430063e-20 -8.066666e-21  1.167264e-32 -1.119672e-20
#> Y~~Y     -1.414211e-04 -3.518557e-04 -1.471054e-04 -1.119672e-20  6.205938e-04
#> M~~M      2.803153e-05 -7.094307e-06 -6.688725e-04  8.991225e-21  1.453414e-04
#> indirect -3.126475e-04  3.742701e-04  3.510551e-04  4.178652e-21 -2.493263e-04
#> direct    9.201307e-04 -6.023214e-04 -2.828560e-05 -3.075387e-21 -1.414211e-04
#> total     6.074832e-04 -2.280513e-04  3.227695e-04  1.103265e-21 -3.907474e-04
#>                   M~~M      indirect        direct         total
#> cp        2.803153e-05 -3.126475e-04  9.201307e-04  6.074832e-04
#> b        -7.094307e-06  3.742701e-04 -6.023214e-04 -2.280513e-04
#> a        -6.688725e-04  3.510551e-04 -2.828560e-05  3.227695e-04
#> X~~X      8.991225e-21  4.178652e-21 -3.075387e-21  1.103265e-21
#> Y~~Y      1.453414e-04 -2.493263e-04 -1.414211e-04 -3.907474e-04
#> M~~M      6.616986e-04 -3.468815e-04  2.803153e-05 -3.188500e-04
#> indirect -3.468815e-04  3.658771e-04 -3.126475e-04  5.322961e-05
#> direct    2.803153e-05 -3.126475e-04  9.201307e-04  6.074832e-04
#> total    -3.188500e-04  5.322961e-05  6.074832e-04  6.607128e-04
```

### confint


```r
confint(std, level = 0.95)
#>              2.5 %    97.5 %
#> cp       0.1801768 0.2999952
#> b        0.4588626 0.5657984
#> a        0.4426684 0.5447242
#> X~~X     1.0000000 1.0000000
#> Y~~Y     0.5069594 0.6043273
#> M~~M     0.7032755 0.8040447
#> indirect 0.2167180 0.2919820
#> direct   0.1801768 0.2999952
#> total    0.4432759 0.5437900
```

## References
