---
title: "semmcci: Methods (MI)"
author: "Ivan Jacob Agaloos Pesigan"
date: "2023-07-21"
output:
  rmarkdown::html_vignette:
    toc: true
vignette: >
  %\VignetteIndexEntry{semmcci: Methods (MI)}
  %\VignetteEngine{knitr::rmarkdown}
  %\VignetteEncoding{UTF-8}
---

<!-- vignettes/methods-mc-mi.Rmd is generated from .setup/vignettes/methods-mc-mi.Rmd.orig. Please edit that file -->



To cite `semmcci` in publications, please use: 

Pesigan, I. J. A., & Cheung, S. F. (2023).
Monte Carlo confidence intervals for the indirect effect with missing data.
*Behavior Research Methods*.
https://doi.org/10.3758/s13428-023-02114-4




```r
library(semmcci)
library(lavaan)
```

## Data




```r
summary(df)
#>        X                  M                  Y           
#>  Min.   :-3.19956   Min.   :-3.37128   Min.   :-3.61432  
#>  1st Qu.:-0.63268   1st Qu.:-0.70516   1st Qu.:-0.66921  
#>  Median : 0.02823   Median : 0.02825   Median :-0.04833  
#>  Mean   : 0.00269   Mean   :-0.01992   Mean   :-0.01538  
#>  3rd Qu.: 0.65754   3rd Qu.: 0.65240   3rd Qu.: 0.65293  
#>  Max.   : 3.47091   Max.   : 2.93497   Max.   : 3.09950  
#>  NA's   :100        NA's   :100        NA's   :100
```

## Multiple Imputation

Perform the appropriate multiple imputation approach to deal with missing values.
In this example, we impute multivariate missing data under the normal model.


```r
mi <- mice::mice(
  df,
  method = "norm",
  m = 100,
  print = FALSE,
  seed = 42
)
```

## Model Specification


```r
model <- "
  Y ~ cp * X + b * M
  M ~ a * X
  X ~~ X
  indirect := a * b
  direct := cp
  total := cp + (a * b)
"
```

## Model Fitting


```r
fit <- sem(data = df, model = model)
```

## Monte Carlo Confidence Intervals


```r
unstd <- MCMI(fit, mi = mi, R = 20000L, alpha = 0.05)
```

## Methods

### print


```r
print(unstd)
#> Monte Carlo Confidence Intervals (Multiple Imputation Estimates)
#>             est     se     R   2.5%  97.5%
#> cp       0.2328 0.0298 20000 0.1741 0.2908
#> b        0.5113 0.0299 20000 0.4532 0.5706
#> a        0.4811 0.0286 20000 0.4245 0.5364
#> X~~X     1.0617 0.0489 20000 0.9656 1.1575
#> Y~~Y     0.5533 0.0268 20000 0.5010 0.6065
#> M~~M     0.7568 0.0360 20000 0.6860 0.8278
#> indirect 0.2460 0.0203 20000 0.2076 0.2873
#> direct   0.2328 0.0298 20000 0.1741 0.2908
#> total    0.4788 0.0285 20000 0.4221 0.5338
```

### summary


```r
summary(unstd)
#> Monte Carlo Confidence Intervals (Multiple Imputation Estimates)
#>             est     se     R   2.5%  97.5%
#> cp       0.2328 0.0298 20000 0.1741 0.2908
#> b        0.5113 0.0299 20000 0.4532 0.5706
#> a        0.4811 0.0286 20000 0.4245 0.5364
#> X~~X     1.0617 0.0489 20000 0.9656 1.1575
#> Y~~Y     0.5533 0.0268 20000 0.5010 0.6065
#> M~~M     0.7568 0.0360 20000 0.6860 0.8278
#> indirect 0.2460 0.0203 20000 0.2076 0.2873
#> direct   0.2328 0.0298 20000 0.1741 0.2908
#> total    0.4788 0.0285 20000 0.4221 0.5338
```

### coef


```r
coef(unstd)
#>        cp         b         a      X~~X      Y~~Y      M~~M  indirect    direct 
#> 0.2328242 0.5113353 0.4810732 1.0617011 0.5533052 0.7567771 0.2459664 0.2328242 
#>     total 
#> 0.4787907
```

### vcov


```r
vcov(unstd)
#>                     cp             b             a          X~~X          Y~~Y
#> cp        8.875567e-04 -4.781363e-04 -2.826231e-05  1.576024e-05 -2.095977e-05
#> b        -4.781363e-04  8.943698e-04 -2.329694e-05 -1.205744e-05 -2.045414e-05
#> a        -2.826231e-05 -2.329694e-05  8.203031e-04 -1.311390e-05  2.718531e-05
#> X~~X      1.576024e-05 -1.205744e-05 -1.311390e-05  2.390629e-03 -9.672081e-06
#> Y~~Y     -2.095977e-05 -2.045414e-05  2.718531e-05 -9.672081e-06  7.199777e-04
#> M~~M     -4.957692e-06 -6.484541e-06 -5.349029e-05 -7.619892e-07  1.527923e-06
#> indirect -2.441970e-04  4.178599e-04  4.088342e-04 -1.280274e-05  4.232581e-06
#> direct    8.875567e-04 -4.781363e-04 -2.826231e-05  1.576024e-05 -2.095977e-05
#> total     6.433598e-04 -6.027641e-05  3.805719e-04  2.957505e-06 -1.672719e-05
#>                   M~~M      indirect        direct         total
#> cp       -4.957692e-06 -2.441970e-04  8.875567e-04  6.433598e-04
#> b        -6.484541e-06  4.178599e-04 -4.781363e-04 -6.027641e-05
#> a        -5.349029e-05  4.088342e-04 -2.826231e-05  3.805719e-04
#> X~~X     -7.619892e-07 -1.280274e-05  1.576024e-05  2.957505e-06
#> Y~~Y      1.527923e-06  4.232581e-06 -2.095977e-05 -1.672719e-05
#> M~~M      1.298171e-03 -3.052129e-05 -4.957692e-06 -3.547898e-05
#> indirect -3.052129e-05  4.109042e-04 -2.441970e-04  1.667072e-04
#> direct   -4.957692e-06 -2.441970e-04  8.875567e-04  6.433598e-04
#> total    -3.547898e-05  1.667072e-04  6.433598e-04  8.100670e-04
```

### confint


```r
confint(unstd, level = 0.95)
#>              2.5 %    97.5 %
#> cp       0.1740764 0.2908082
#> b        0.4532424 0.5706160
#> a        0.4245268 0.5364200
#> X~~X     0.9656096 1.1575037
#> Y~~Y     0.5010247 0.6064811
#> M~~M     0.6859943 0.8277938
#> indirect 0.2075928 0.2872688
#> direct   0.1740764 0.2908082
#> total    0.4221090 0.5338425
```

## Standardized Monte Carlo Confidence Intervals


```r
fit <- sem(data = df, model = model, fixed.x = FALSE)
unstd <- MCMI(fit, mi = mi, R = 20000L, alpha = 0.05)
```


```r
std <- MCStd(unstd, alpha = 0.05)
```

## Methods

### print


```r
print(std)
#> Standardized Monte Carlo Confidence Intervals
#>             est     se     R   2.5%  97.5%
#> cp       0.2450 0.0305 20000 0.1805 0.3000
#> b        0.5189 0.0273 20000 0.4594 0.5662
#> a        0.5031 0.0259 20000 0.4433 0.5453
#> X~~X     1.0000 0.0000 20000 1.0000 1.0000
#> Y~~Y     0.5429 0.0251 20000 0.5066 0.6043
#> M~~M     0.7469 0.0256 20000 0.7027 0.8035
#> indirect 0.2610 0.0189 20000 0.2174 0.2917
#> direct   0.2450 0.0305 20000 0.1805 0.3000
#> total    0.5060 0.0261 20000 0.4420 0.5445
```

### summary


```r
summary(std)
#> Standardized Monte Carlo Confidence Intervals
#>             est     se     R   2.5%  97.5%
#> cp       0.2450 0.0305 20000 0.1805 0.3000
#> b        0.5189 0.0273 20000 0.4594 0.5662
#> a        0.5031 0.0259 20000 0.4433 0.5453
#> X~~X     1.0000 0.0000 20000 1.0000 1.0000
#> Y~~Y     0.5429 0.0251 20000 0.5066 0.6043
#> M~~M     0.7469 0.0256 20000 0.7027 0.8035
#> indirect 0.2610 0.0189 20000 0.2174 0.2917
#> direct   0.2450 0.0305 20000 0.1805 0.3000
#> total    0.5060 0.0261 20000 0.4420 0.5445
```

### coef


```r
coef(std)
#>        cp         b         a      X~~X      Y~~Y      M~~M  indirect    direct 
#> 0.2449797 0.5188628 0.5030687 1.0000000 0.5428754 0.7469219 0.2610236 0.2449797 
#>     total 
#> 0.5060033
```

### vcov


```r
vcov(std)
#>                     cp             b             a          X~~X          Y~~Y
#> cp        9.309326e-04 -6.001376e-04 -1.209618e-05 -1.581764e-20 -1.581884e-04
#> b        -6.001376e-04  7.434846e-04 -2.311107e-06  2.048866e-20 -3.456239e-04
#> a        -1.209618e-05 -2.311107e-06  6.691872e-04 -6.711355e-21 -1.496281e-04
#> X~~X     -1.581764e-20  2.048866e-20 -6.711355e-21  1.175277e-32 -9.814684e-21
#> Y~~Y     -1.581884e-04 -3.456239e-04 -1.496281e-04 -9.814684e-21  6.307525e-04
#> M~~M      1.150983e-05  2.388892e-06 -6.612852e-04  7.375623e-21  1.481408e-04
#> indirect -3.031272e-04  3.665420e-04  3.421992e-04  6.617925e-21 -2.474644e-04
#> direct    9.309326e-04 -6.001376e-04 -1.209618e-05 -1.581764e-20 -1.581884e-04
#> total     6.278054e-04 -2.335956e-04  3.301031e-04 -9.199717e-21 -4.056528e-04
#>                   M~~M      indirect        direct         total
#> cp        1.150983e-05 -3.031272e-04  9.309326e-04  6.278054e-04
#> b         2.388892e-06  3.665420e-04 -6.001376e-04 -2.335956e-04
#> a        -6.612852e-04  3.421992e-04 -1.209618e-05  3.301031e-04
#> X~~X      7.375623e-21  6.617925e-21 -1.581764e-20 -9.199717e-21
#> Y~~Y      1.481408e-04 -2.474644e-04 -1.581884e-04 -4.056528e-04
#> M~~M      6.543854e-04 -3.381086e-04  1.150983e-05 -3.265988e-04
#> indirect -3.381086e-04  3.573602e-04 -3.031272e-04  5.423306e-05
#> direct    1.150983e-05 -3.031272e-04  9.309326e-04  6.278054e-04
#> total    -3.265988e-04  5.423306e-05  6.278054e-04  6.820385e-04
```

### confint


```r
confint(std, level = 0.95)
#>              2.5 %    97.5 %
#> cp       0.1804750 0.3000145
#> b        0.4593563 0.5661535
#> a        0.4433256 0.5452635
#> X~~X     1.0000000 1.0000000
#> Y~~Y     0.5065688 0.6042955
#> M~~M     0.7026878 0.8034624
#> indirect 0.2174301 0.2916984
#> direct   0.1804750 0.3000145
#> total    0.4420056 0.5444621
```
