---
title: "semmcci: Methods (MC)"
author: "Ivan Jacob Agaloos Pesigan"
date: "2023-08-12"
bibliography: "vignettes.bib"
csl: https://raw.githubusercontent.com/citation-style-language/styles/master/apa.csl
nocite: |
  @Pesigan-Cheung-2023
output:
  rmarkdown::html_vignette:
    toc: true
vignette: >
  %\VignetteIndexEntry{semmcci: Methods (MC)}
  %\VignetteEngine{knitr::rmarkdown}
  %\VignetteEncoding{UTF-8}
---

<!-- vignettes/methods-mc.Rmd is generated from .setup/vignettes/methods-mc.Rmd.orig. Please edit that file -->






```r
library(semmcci)
library(lavaan)
```

## Data




```r
summary(df)
#>        X                   M                   Y           
#>  Min.   :-3.199558   Min.   :-3.371276   Min.   :-3.61432  
#>  1st Qu.:-0.636035   1st Qu.:-0.692640   1st Qu.:-0.66146  
#>  Median : 0.011377   Median : 0.007125   Median :-0.04726  
#>  Mean   :-0.003207   Mean   :-0.023968   Mean   :-0.01677  
#>  3rd Qu.: 0.651951   3rd Qu.: 0.647363   3rd Qu.: 0.62640  
#>  Max.   : 3.470910   Max.   : 2.963216   Max.   : 3.09950
colMeans(df)
#>            X            M            Y 
#> -0.003206987 -0.023968103 -0.016774294
var(df)
#>           X         M         Y
#> X 1.0600162 0.5108780 0.5069458
#> M 0.5108780 0.9996606 0.6272104
#> Y 0.5069458 0.6272104 0.9837255
```

## Model Specification


```r
model <- "
  Y ~ cp * X + b * M
  M ~ a * X
  indirect := a * b
  direct := cp
  total := cp + (a * b)
"
```

## Model Fitting


```r
fit <- sem(data = df, model = model)
```

## Monte Carlo Confidence Intervals


```r
unstd <- MC(fit, R = 20000L, alpha = 0.05)
```

## Methods

### print


```r
print(unstd)
#> Monte Carlo Confidence Intervals
#>             est     se     R   2.5%  97.5%
#> cp       0.2333 0.0262 20000 0.1813 0.2839
#> b        0.5082 0.0270 20000 0.4555 0.5613
#> a        0.4820 0.0267 20000 0.4295 0.5348
#> Y~~Y     0.5462 0.0244 20000 0.4977 0.5945
#> M~~M     0.7527 0.0340 20000 0.6869 0.8193
#> X~~X     1.0590 0.0000 20000 1.0590 1.0590
#> indirect 0.2449 0.0189 20000 0.2092 0.2829
#> direct   0.2333 0.0262 20000 0.1813 0.2839
#> total    0.4782 0.0264 20000 0.4268 0.5299
```

### summary


```r
summary(unstd)
#> Monte Carlo Confidence Intervals
#>             est     se     R   2.5%  97.5%
#> cp       0.2333 0.0262 20000 0.1813 0.2839
#> b        0.5082 0.0270 20000 0.4555 0.5613
#> a        0.4820 0.0267 20000 0.4295 0.5348
#> Y~~Y     0.5462 0.0244 20000 0.4977 0.5945
#> M~~M     0.7527 0.0340 20000 0.6869 0.8193
#> X~~X     1.0590 0.0000 20000 1.0590 1.0590
#> indirect 0.2449 0.0189 20000 0.2092 0.2829
#> direct   0.2333 0.0262 20000 0.1813 0.2839
#> total    0.4782 0.0264 20000 0.4268 0.5299
```

### coef


```r
coef(unstd)
#>        cp         b         a      Y~~Y      M~~M      X~~X  indirect    direct 
#> 0.2333230 0.5081833 0.4819530 0.5461589 0.7526879 1.0589562 0.2449205 0.2333230 
#>     total 
#> 0.4782435
```

### vcov


```r
vcov(unstd)
#>                     cp             b             a          Y~~Y          M~~M
#> cp        6.846631e-04 -3.535665e-04 -4.990390e-06  3.982334e-06 -4.942909e-06
#> b        -3.535665e-04  7.287192e-04  3.332452e-06  1.584894e-06  1.019011e-05
#> a        -4.990390e-06  3.332452e-06  7.152861e-04  6.143389e-06 -1.549751e-05
#> Y~~Y      3.982334e-06  1.584894e-06  6.143389e-06  5.954748e-04 -1.281393e-06
#> M~~M     -4.942909e-06  1.019011e-05 -1.549751e-05 -1.281393e-06  1.153333e-03
#> X~~X      0.000000e+00  0.000000e+00  0.000000e+00  0.000000e+00  0.000000e+00
#> indirect -1.731385e-04  3.531823e-04  3.650163e-04  3.743894e-06 -3.126547e-06
#> direct    6.846631e-04 -3.535665e-04 -4.990390e-06  3.982334e-06 -4.942909e-06
#> total     5.115246e-04 -3.842699e-07  3.600259e-04  7.726227e-06 -8.069456e-06
#>          X~~X      indirect        direct         total
#> cp          0 -1.731385e-04  6.846631e-04  5.115246e-04
#> b           0  3.531823e-04 -3.535665e-04 -3.842699e-07
#> a           0  3.650163e-04 -4.990390e-06  3.600259e-04
#> Y~~Y        0  3.743894e-06  3.982334e-06  7.726227e-06
#> M~~M        0 -3.126547e-06 -4.942909e-06 -8.069456e-06
#> X~~X        0  0.000000e+00  0.000000e+00  0.000000e+00
#> indirect    0  3.563248e-04 -1.731385e-04  1.831863e-04
#> direct      0 -1.731385e-04  6.846631e-04  5.115246e-04
#> total       0  1.831863e-04  5.115246e-04  6.947109e-04
```

### confint


```r
confint(unstd, level = 0.95)
#>              2.5 %    97.5 %
#> cp       0.1812955 0.2839418
#> b        0.4554554 0.5612883
#> a        0.4294543 0.5347773
#> Y~~Y     0.4977437 0.5944630
#> M~~M     0.6869442 0.8193012
#> X~~X     1.0589562 1.0589562
#> indirect 0.2091786 0.2829438
#> direct   0.1812955 0.2839418
#> total    0.4268120 0.5298879
```

## Standardized Monte Carlo Confidence Intervals


```r
fit <- sem(data = df, model = model, fixed.x = FALSE)
unstd <- MC(fit, R = 20000L, alpha = 0.05)
```


```r
std <- MCStd(unstd, alpha = 0.05)
```

## Methods

### print


```r
print(std)
#> Standardized Monte Carlo Confidence Intervals
#>             est     se     R   2.5%  97.5%
#> cp       0.2422 0.0267 20000 0.1892 0.2938
#> b        0.5123 0.0243 20000 0.4642 0.5592
#> a        0.4963 0.0238 20000 0.4489 0.5426
#> Y~~Y     0.5558 0.0233 20000 0.5099 0.6010
#> M~~M     0.7537 0.0236 20000 0.7056 0.7985
#> X~~X     1.0000 0.0000 20000 1.0000 1.0000
#> indirect 0.2542 0.0174 20000 0.2208 0.2887
#> direct   0.2422 0.0267 20000 0.1892 0.2938
#> total    0.4964 0.0239 20000 0.4487 0.5421
```

### summary


```r
summary(std)
#> Standardized Monte Carlo Confidence Intervals
#>             est     se     R   2.5%  97.5%
#> cp       0.2422 0.0267 20000 0.1892 0.2938
#> b        0.5123 0.0243 20000 0.4642 0.5592
#> a        0.4963 0.0238 20000 0.4489 0.5426
#> Y~~Y     0.5558 0.0233 20000 0.5099 0.6010
#> M~~M     0.7537 0.0236 20000 0.7056 0.7985
#> X~~X     1.0000 0.0000 20000 1.0000 1.0000
#> indirect 0.2542 0.0174 20000 0.2208 0.2887
#> direct   0.2422 0.0267 20000 0.1892 0.2938
#> total    0.4964 0.0239 20000 0.4487 0.5421
```

### coef


```r
coef(std)
#>        cp         b         a      Y~~Y      M~~M      X~~X  indirect    direct 
#> 0.2422015 0.5122827 0.4962890 0.5557501 0.7536972 1.0000000 0.2542403 0.2422015 
#>     total 
#> 0.4964418
```

### vcov


```r
vcov(std)
#>                     cp             b             a          Y~~Y          M~~M
#> cp        7.146318e-04 -4.612693e-04  9.398768e-06 -1.280936e-04 -9.469769e-06
#> b        -4.612693e-04  5.915938e-04  1.676643e-05 -2.937264e-04 -1.642714e-05
#> a         9.398768e-06  1.676643e-05  5.665370e-04 -1.705920e-04 -5.617910e-04
#> Y~~Y     -1.280936e-04 -2.937264e-04 -1.705920e-04  5.406912e-04  1.690829e-04
#> M~~M     -9.469769e-06 -1.642714e-05 -5.617910e-04  1.690829e-04  5.577262e-04
#> X~~X      4.519379e-21  1.190189e-21 -1.683273e-20 -1.682777e-21  1.574967e-20
#> indirect -2.243086e-04  3.022999e-04  2.982767e-04 -2.329430e-04 -2.956938e-04
#> direct    7.146318e-04 -4.612693e-04  9.398768e-06 -1.280936e-04 -9.469769e-06
#> total     4.903232e-04 -1.589694e-04  3.076755e-04 -3.610366e-04 -3.051636e-04
#>                   X~~X      indirect        direct         total
#> cp        4.519379e-21 -2.243086e-04  7.146318e-04  4.903232e-04
#> b         1.190189e-21  3.022999e-04 -4.612693e-04 -1.589694e-04
#> a        -1.683273e-20  2.982767e-04  9.398768e-06  3.076755e-04
#> Y~~Y     -1.682777e-21 -2.329430e-04 -1.280936e-04 -3.610366e-04
#> M~~M      1.574967e-20 -2.956938e-04 -9.469769e-06 -3.051636e-04
#> X~~X      1.181995e-32 -7.692374e-21  4.519379e-21 -3.172995e-21
#> indirect -7.692374e-21  3.030842e-04 -2.243086e-04  7.877560e-05
#> direct    4.519379e-21 -2.243086e-04  7.146318e-04  4.903232e-04
#> total    -3.172995e-21  7.877560e-05  4.903232e-04  5.690988e-04
```

### confint


```r
confint(std, level = 0.95)
#>              2.5 %    97.5 %
#> cp       0.1892385 0.2937875
#> b        0.4641589 0.5591567
#> a        0.4489053 0.5425833
#> Y~~Y     0.5099449 0.6009743
#> M~~M     0.7056034 0.7984841
#> X~~X     1.0000000 1.0000000
#> indirect 0.2207736 0.2887018
#> direct   0.1892385 0.2937875
#> total    0.4486553 0.5421049
```

# References
