---
title: "semmcci: Methods (MI)"
author: "Ivan Jacob Agaloos Pesigan"
date: "2023-08-21"
bibliography: "vignettes.bib"
csl: https://raw.githubusercontent.com/citation-style-language/styles/master/apa.csl
nocite: |
  @Pesigan-Cheung-2023
output:
  rmarkdown::html_vignette:
    toc: true
vignette: >
  %\VignetteIndexEntry{semmcci: Methods (MI)}
  %\VignetteEngine{knitr::rmarkdown}
  %\VignetteEncoding{UTF-8}
---

<!-- vignettes/methods-mc-mi.Rmd is generated from .setup/vignettes/methods-mc-mi.Rmd.orig. Please edit that file -->






```r
library(semmcci)
library(lavaan)
```

## Data




```r
summary(df)
#>        X                  M                  Y           
#>  Min.   :-3.19956   Min.   :-3.37128   Min.   :-3.61432  
#>  1st Qu.:-0.63268   1st Qu.:-0.70516   1st Qu.:-0.66921  
#>  Median : 0.02823   Median : 0.02825   Median :-0.04833  
#>  Mean   : 0.00269   Mean   :-0.01992   Mean   :-0.01538  
#>  3rd Qu.: 0.65754   3rd Qu.: 0.65240   3rd Qu.: 0.65293  
#>  Max.   : 3.47091   Max.   : 2.93497   Max.   : 3.09950  
#>  NA's   :100        NA's   :100        NA's   :100
```

## Multiple Imputation

Perform the appropriate multiple imputation approach to deal with missing values.
In this example, we impute multivariate missing data under the normal model.


```r
mi <- mice::mice(
  df,
  method = "norm",
  m = 100,
  print = FALSE,
  seed = 42
)
```

## Model Specification


```r
model <- "
  Y ~ cp * X + b * M
  M ~ a * X
  X ~~ X
  indirect := a * b
  direct := cp
  total := cp + (a * b)
"
```

## Model Fitting


```r
fit <- sem(data = df, model = model)
```

## Monte Carlo Confidence Intervals


```r
unstd <- MCMI(fit, mi = mi, R = 20000L, alpha = 0.05)
```

## Methods

### print


```r
print(unstd)
#> Monte Carlo Confidence Intervals (Multiple Imputation Estimates)
#>             est     se     R   2.5%  97.5%
#> cp       0.2328 0.0296 20000 0.1751 0.2913
#> b        0.5113 0.0297 20000 0.4519 0.5691
#> a        0.4811 0.0289 20000 0.4244 0.5373
#> X~~X     1.0617 0.0489 20000 0.9671 1.1571
#> Y~~Y     0.5533 0.0271 20000 0.5005 0.6068
#> M~~M     0.7568 0.0363 20000 0.6856 0.8279
#> indirect 0.2460 0.0201 20000 0.2074 0.2861
#> direct   0.2328 0.0296 20000 0.1751 0.2913
#> total    0.4788 0.0286 20000 0.4229 0.5355
```

### summary


```r
summary(unstd)
#> Monte Carlo Confidence Intervals (Multiple Imputation Estimates)
#>             est     se     R   2.5%  97.5%
#> cp       0.2328 0.0296 20000 0.1751 0.2913
#> b        0.5113 0.0297 20000 0.4519 0.5691
#> a        0.4811 0.0289 20000 0.4244 0.5373
#> X~~X     1.0617 0.0489 20000 0.9671 1.1571
#> Y~~Y     0.5533 0.0271 20000 0.5005 0.6068
#> M~~M     0.7568 0.0363 20000 0.6856 0.8279
#> indirect 0.2460 0.0201 20000 0.2074 0.2861
#> direct   0.2328 0.0296 20000 0.1751 0.2913
#> total    0.4788 0.0286 20000 0.4229 0.5355
```

### coef


```r
coef(unstd)
#>        cp         b         a      X~~X      Y~~Y      M~~M  indirect    direct 
#> 0.2328242 0.5113353 0.4810732 1.0617011 0.5533052 0.7567771 0.2459664 0.2328242 
#>     total 
#> 0.4787907
```

### vcov


```r
vcov(unstd)
#>                     cp             b             a          X~~X          Y~~Y
#> cp        8.753399e-04 -4.617015e-04 -1.468597e-05  1.043078e-05 -2.248752e-05
#> b        -4.617015e-04  8.846160e-04 -3.928357e-05 -1.664358e-05 -2.547984e-05
#> a        -1.468597e-05 -3.928357e-05  8.337827e-04 -3.073248e-05  2.588295e-05
#> X~~X      1.043078e-05 -1.664358e-05 -3.073248e-05  2.394440e-03 -1.948988e-05
#> Y~~Y     -2.248752e-05 -2.547984e-05  2.588295e-05 -1.948988e-05  7.320108e-04
#> M~~M     -1.260386e-05  8.710167e-07 -5.103106e-05 -1.344281e-05 -1.026474e-05
#> indirect -2.292473e-04  4.053659e-04  4.072551e-04 -2.387776e-05  7.537591e-07
#> direct    8.753399e-04 -4.617015e-04 -1.468597e-05  1.043078e-05 -2.248752e-05
#> total     6.460926e-04 -5.633566e-05  3.925691e-04 -1.344698e-05 -2.173377e-05
#>                   M~~M      indirect        direct         total
#> cp       -1.260386e-05 -2.292473e-04  8.753399e-04  6.460926e-04
#> b         8.710167e-07  4.053659e-04 -4.617015e-04 -5.633566e-05
#> a        -5.103106e-05  4.072551e-04 -1.468597e-05  3.925691e-04
#> X~~X     -1.344281e-05 -2.387776e-05  1.043078e-05 -1.344698e-05
#> Y~~Y     -1.026474e-05  7.537591e-07 -2.248752e-05 -2.173377e-05
#> M~~M      1.316739e-03 -2.566064e-05 -1.260386e-05 -3.826450e-05
#> indirect -2.566064e-05  4.038544e-04 -2.292473e-04  1.746071e-04
#> direct   -1.260386e-05 -2.292473e-04  8.753399e-04  6.460926e-04
#> total    -3.826450e-05  1.746071e-04  6.460926e-04  8.206996e-04
```

### confint


```r
confint(unstd, level = 0.95)
#>              2.5 %    97.5 %
#> cp       0.1751287 0.2912991
#> b        0.4519191 0.5691498
#> a        0.4244463 0.5373247
#> X~~X     0.9671101 1.1570980
#> Y~~Y     0.5004774 0.6068403
#> M~~M     0.6855534 0.8279282
#> indirect 0.2074124 0.2860913
#> direct   0.1751287 0.2912991
#> total    0.4228510 0.5355499
```

## Standardized Monte Carlo Confidence Intervals


```r
fit <- sem(data = df, model = model, fixed.x = FALSE)
unstd <- MCMI(fit, mi = mi, R = 20000L, alpha = 0.05)
```


```r
std <- MCStd(unstd, alpha = 0.05)
```

## Methods

### print


```r
print(std)
#> Standardized Monte Carlo Confidence Intervals
#>             est     se     R   2.5%  97.5%
#> cp       0.2450 0.0305 20000 0.1802 0.3000
#> b        0.5189 0.0274 20000 0.4593 0.5662
#> a        0.5031 0.0262 20000 0.4423 0.5454
#> X~~X     1.0000 0.0000 20000 1.0000 1.0000
#> Y~~Y     0.5429 0.0250 20000 0.5070 0.6047
#> M~~M     0.7469 0.0259 20000 0.7025 0.8044
#> indirect 0.2610 0.0190 20000 0.2178 0.2921
#> direct   0.2450 0.0305 20000 0.1802 0.3000
#> total    0.5060 0.0263 20000 0.4411 0.5443
```

### summary


```r
summary(std)
#> Standardized Monte Carlo Confidence Intervals
#>             est     se     R   2.5%  97.5%
#> cp       0.2450 0.0305 20000 0.1802 0.3000
#> b        0.5189 0.0274 20000 0.4593 0.5662
#> a        0.5031 0.0262 20000 0.4423 0.5454
#> X~~X     1.0000 0.0000 20000 1.0000 1.0000
#> Y~~Y     0.5429 0.0250 20000 0.5070 0.6047
#> M~~M     0.7469 0.0259 20000 0.7025 0.8044
#> indirect 0.2610 0.0190 20000 0.2178 0.2921
#> direct   0.2450 0.0305 20000 0.1802 0.3000
#> total    0.5060 0.0263 20000 0.4411 0.5443
```

### coef


```r
coef(std)
#>        cp         b         a      X~~X      Y~~Y      M~~M  indirect    direct 
#> 0.2449797 0.5188628 0.5030687 1.0000000 0.5428754 0.7469219 0.2610236 0.2449797 
#>     total 
#> 0.5060033
```

### vcov


```r
vcov(std)
#>                     cp             b             a          X~~X          Y~~Y
#> cp        9.326785e-04 -6.078008e-04  6.830441e-07 -7.974957e-21 -1.532564e-04
#> b        -6.078008e-04  7.492123e-04 -9.836637e-06  9.239371e-21 -3.430230e-04
#> a         6.830441e-07 -9.836637e-06  6.889031e-04 -6.137743e-21 -1.570298e-04
#> X~~X     -7.974957e-21  9.239371e-21 -6.137743e-21  1.199437e-32 -2.145626e-21
#> Y~~Y     -1.532564e-04 -3.430230e-04 -1.570298e-04 -2.145626e-21  6.237371e-04
#> M~~M     -4.091811e-07  9.585660e-06 -6.805158e-04  5.795930e-21  1.550205e-04
#> indirect -3.004800e-04  3.658042e-04  3.488572e-04  1.395278e-21 -2.502556e-04
#> direct    9.326785e-04 -6.078008e-04  6.830441e-07 -7.974957e-21 -1.532564e-04
#> total     6.321985e-04 -2.419965e-04  3.495402e-04 -6.579679e-21 -4.035120e-04
#>                   M~~M      indirect        direct         total
#> cp       -4.091811e-07 -3.004800e-04  9.326785e-04  6.321985e-04
#> b         9.585660e-06  3.658042e-04 -6.078008e-04 -2.419965e-04
#> a        -6.805158e-04  3.488572e-04  6.830441e-07  3.495402e-04
#> X~~X      5.795930e-21  1.395278e-21 -7.974957e-21 -6.579679e-21
#> Y~~Y      1.550205e-04 -2.502556e-04 -1.532564e-04 -4.035120e-04
#> M~~M      6.731836e-04 -3.446575e-04 -4.091811e-07 -3.450667e-04
#> indirect -3.446575e-04  3.607138e-04 -3.004800e-04  6.023383e-05
#> direct   -4.091811e-07 -3.004800e-04  9.326785e-04  6.321985e-04
#> total    -3.450667e-04  6.023383e-05  6.321985e-04  6.924323e-04
```

### confint


```r
confint(std, level = 0.95)
#>              2.5 %    97.5 %
#> cp       0.1801547 0.2999514
#> b        0.4593135 0.5662098
#> a        0.4422714 0.5454316
#> X~~X     1.0000000 1.0000000
#> Y~~Y     0.5069835 0.6047433
#> M~~M     0.7025044 0.8043960
#> indirect 0.2177603 0.2921377
#> direct   0.1801547 0.2999514
#> total    0.4411100 0.5443011
```

## References
