---
title: "semmcci: Methods (MC)"
author: "Ivan Jacob Agaloos Pesigan"
date: "2023-08-28"
bibliography: "vignettes.bib"
csl: https://raw.githubusercontent.com/citation-style-language/styles/master/apa.csl
nocite: |
  @Pesigan-Cheung-2023
output:
  rmarkdown::html_vignette:
    toc: true
vignette: >
  %\VignetteIndexEntry{semmcci: Methods (MC)}
  %\VignetteEngine{knitr::rmarkdown}
  %\VignetteEncoding{UTF-8}
---

<!-- vignettes/methods-mc.Rmd is generated from .setup/vignettes/methods-mc.Rmd.orig. Please edit that file -->






```r
library(semmcci)
library(lavaan)
```

## Data




```r
summary(df)
#>        X                   M                   Y           
#>  Min.   :-3.199558   Min.   :-3.371276   Min.   :-3.61432  
#>  1st Qu.:-0.636035   1st Qu.:-0.692640   1st Qu.:-0.66146  
#>  Median : 0.011377   Median : 0.007125   Median :-0.04726  
#>  Mean   :-0.003207   Mean   :-0.023968   Mean   :-0.01677  
#>  3rd Qu.: 0.651951   3rd Qu.: 0.647363   3rd Qu.: 0.62640  
#>  Max.   : 3.470910   Max.   : 2.963216   Max.   : 3.09950
colMeans(df)
#>            X            M            Y 
#> -0.003206987 -0.023968103 -0.016774294
var(df)
#>           X         M         Y
#> X 1.0600162 0.5108780 0.5069458
#> M 0.5108780 0.9996606 0.6272104
#> Y 0.5069458 0.6272104 0.9837255
```

## Model Specification


```r
model <- "
  Y ~ cp * X + b * M
  M ~ a * X
  indirect := a * b
  direct := cp
  total := cp + (a * b)
"
```

## Model Fitting


```r
fit <- sem(data = df, model = model)
```

## Monte Carlo Confidence Intervals


```r
unstd <- MC(fit, R = 20000L, alpha = 0.05)
```

## Methods

### print


```r
print(unstd)
#> Monte Carlo Confidence Intervals
#>             est     se     R   2.5%  97.5%
#> cp       0.2333 0.0261 20000 0.1814 0.2845
#> b        0.5082 0.0271 20000 0.4551 0.5616
#> a        0.4820 0.0266 20000 0.4301 0.5337
#> Y~~Y     0.5462 0.0243 20000 0.4988 0.5935
#> M~~M     0.7527 0.0338 20000 0.6870 0.8195
#> X~~X     1.0590 0.0000 20000 1.0590 1.0590
#> indirect 0.2449 0.0189 20000 0.2092 0.2836
#> direct   0.2333 0.0261 20000 0.1814 0.2845
#> total    0.4782 0.0264 20000 0.4275 0.5298
```

### summary


```r
summary(unstd)
#> Monte Carlo Confidence Intervals
#>             est     se     R   2.5%  97.5%
#> cp       0.2333 0.0261 20000 0.1814 0.2845
#> b        0.5082 0.0271 20000 0.4551 0.5616
#> a        0.4820 0.0266 20000 0.4301 0.5337
#> Y~~Y     0.5462 0.0243 20000 0.4988 0.5935
#> M~~M     0.7527 0.0338 20000 0.6870 0.8195
#> X~~X     1.0590 0.0000 20000 1.0590 1.0590
#> indirect 0.2449 0.0189 20000 0.2092 0.2836
#> direct   0.2333 0.0261 20000 0.1814 0.2845
#> total    0.4782 0.0264 20000 0.4275 0.5298
```

### coef


```r
coef(unstd)
#>        cp         b         a      Y~~Y      M~~M      X~~X  indirect    direct 
#> 0.2333230 0.5081833 0.4819530 0.5461589 0.7526879 1.0589562 0.2449205 0.2333230 
#>     total 
#> 0.4782435
```

### vcov


```r
vcov(unstd)
#>                     cp             b            a          Y~~Y          M~~M
#> cp        6.793195e-04 -3.544271e-04 1.113826e-06  1.857865e-06  4.572899e-06
#> b        -3.544271e-04  7.336603e-04 6.895133e-06  1.444702e-06  8.846974e-07
#> a         1.113826e-06  6.895133e-06 7.062921e-04  3.623132e-06  2.975375e-06
#> Y~~Y      1.857865e-06  1.444702e-06 3.623132e-06  5.907019e-04 -1.179243e-06
#> M~~M      4.572899e-06  8.846974e-07 2.975375e-06 -1.179243e-06  1.140474e-03
#> X~~X      0.000000e+00  0.000000e+00 0.000000e+00  0.000000e+00  0.000000e+00
#> indirect -1.705633e-04  3.576385e-04 3.624017e-04  2.536925e-06  1.815355e-06
#> direct    6.793195e-04 -3.544271e-04 1.113826e-06  1.857865e-06  4.572899e-06
#> total     5.087562e-04  3.211382e-06 3.635155e-04  4.394789e-06  6.388254e-06
#>          X~~X      indirect        direct        total
#> cp          0 -1.705633e-04  6.793195e-04 5.087562e-04
#> b           0  3.576385e-04 -3.544271e-04 3.211382e-06
#> a           0  3.624017e-04  1.113826e-06 3.635155e-04
#> Y~~Y        0  2.536925e-06  1.857865e-06 4.394789e-06
#> M~~M        0  1.815355e-06  4.572899e-06 6.388254e-06
#> X~~X        0  0.000000e+00  0.000000e+00 0.000000e+00
#> indirect    0  3.573897e-04 -1.705633e-04 1.868264e-04
#> direct      0 -1.705633e-04  6.793195e-04 5.087562e-04
#> total       0  1.868264e-04  5.087562e-04 6.955826e-04
```

### confint


```r
confint(unstd, level = 0.95)
#>              2.5 %    97.5 %
#> cp       0.1814049 0.2844709
#> b        0.4551147 0.5616442
#> a        0.4300811 0.5337287
#> Y~~Y     0.4988203 0.5934621
#> M~~M     0.6869686 0.8194925
#> X~~X     1.0589562 1.0589562
#> indirect 0.2092363 0.2835615
#> direct   0.1814049 0.2844709
#> total    0.4275077 0.5297908
```

## Standardized Monte Carlo Confidence Intervals


```r
fit <- sem(data = df, model = model, fixed.x = FALSE)
unstd <- MC(fit, R = 20000L, alpha = 0.05)
```


```r
std <- MCStd(unstd, alpha = 0.05)
```

## Methods

### print


```r
print(std)
#> Standardized Monte Carlo Confidence Intervals
#>             est     se     R   2.5%  97.5%
#> cp       0.2422 0.0268 20000 0.1891 0.2941
#> b        0.5123 0.0247 20000 0.4634 0.5604
#> a        0.4963 0.0240 20000 0.4481 0.5427
#> Y~~Y     0.5558 0.0235 20000 0.5093 0.6017
#> M~~M     0.7537 0.0238 20000 0.7055 0.7992
#> X~~X     1.0000 0.0000 20000 1.0000 1.0000
#> indirect 0.2542 0.0176 20000 0.2200 0.2890
#> direct   0.2422 0.0268 20000 0.1891 0.2941
#> total    0.4964 0.0239 20000 0.4478 0.5415
```

### summary


```r
summary(std)
#> Standardized Monte Carlo Confidence Intervals
#>             est     se     R   2.5%  97.5%
#> cp       0.2422 0.0268 20000 0.1891 0.2941
#> b        0.5123 0.0247 20000 0.4634 0.5604
#> a        0.4963 0.0240 20000 0.4481 0.5427
#> Y~~Y     0.5558 0.0235 20000 0.5093 0.6017
#> M~~M     0.7537 0.0238 20000 0.7055 0.7992
#> X~~X     1.0000 0.0000 20000 1.0000 1.0000
#> indirect 0.2542 0.0176 20000 0.2200 0.2890
#> direct   0.2422 0.0268 20000 0.1891 0.2941
#> total    0.4964 0.0239 20000 0.4478 0.5415
```

### coef


```r
coef(std)
#>        cp         b         a      Y~~Y      M~~M      X~~X  indirect    direct 
#> 0.2422015 0.5122827 0.4962890 0.5557501 0.7536972 1.0000000 0.2542403 0.2422015 
#>     total 
#> 0.4964418
```

### vcov


```r
vcov(std)
#>                     cp             b             a          Y~~Y          M~~M
#> cp        7.167409e-04 -4.672837e-04  6.112168e-06 -1.213765e-04 -6.232061e-06
#> b        -4.672837e-04  6.080783e-04  1.800525e-05 -3.091945e-04 -1.780528e-05
#> a         6.112168e-06  1.800525e-05  5.756837e-04 -1.708403e-04 -5.703717e-04
#> Y~~Y     -1.213765e-04 -3.091945e-04 -1.708403e-04  5.535618e-04  1.694229e-04
#> M~~M     -6.232061e-06 -1.780528e-05 -5.703717e-04  1.694229e-04  5.657702e-04
#> X~~X      1.441367e-20 -6.727404e-21 -1.429870e-20 -2.735621e-21  1.392661e-20
#> indirect -2.287733e-04  3.108587e-04  3.036955e-04 -2.406598e-04 -3.008963e-04
#> direct    7.167409e-04 -4.672837e-04  6.112168e-06 -1.213765e-04 -6.232061e-06
#> total     4.879675e-04 -1.564249e-04  3.098076e-04 -3.620363e-04 -3.071284e-04
#>                   X~~X      indirect        direct         total
#> cp        1.441367e-20 -2.287733e-04  7.167409e-04  4.879675e-04
#> b        -6.727404e-21  3.108587e-04 -4.672837e-04 -1.564249e-04
#> a        -1.429870e-20  3.036955e-04  6.112168e-06  3.098076e-04
#> Y~~Y     -2.735621e-21 -2.406598e-04 -1.213765e-04 -3.620363e-04
#> M~~M      1.392661e-20 -3.008963e-04 -6.232061e-06 -3.071284e-04
#> X~~X      1.209483e-32 -1.004610e-20  1.441367e-20  4.367571e-21
#> indirect -1.004610e-20  3.100565e-04 -2.287733e-04  8.128320e-05
#> direct    1.441367e-20 -2.287733e-04  7.167409e-04  4.879675e-04
#> total     4.367571e-21  8.128320e-05  4.879675e-04  5.692508e-04
```

### confint


```r
confint(std, level = 0.95)
#>              2.5 %    97.5 %
#> cp       0.1890615 0.2941249
#> b        0.4634489 0.5604297
#> a        0.4480727 0.5426578
#> Y~~Y     0.5093276 0.6016721
#> M~~M     0.7055225 0.7992308
#> X~~X     1.0000000 1.0000000
#> indirect 0.2199824 0.2889897
#> direct   0.1890615 0.2941249
#> total    0.4478442 0.5415369
```

# References
