---
title: "semmcci: Methods (MI)"
author: "Ivan Jacob Agaloos Pesigan"
date: "2023-08-08"
bibliography: "vignettes.bib"
csl: https://raw.githubusercontent.com/citation-style-language/styles/master/apa.csl
nocite: |
  @Pesigan-Cheung-2023
output:
  rmarkdown::html_vignette:
    toc: true
vignette: >
  %\VignetteIndexEntry{semmcci: Methods (MI)}
  %\VignetteEngine{knitr::rmarkdown}
  %\VignetteEncoding{UTF-8}
---

<!-- vignettes/methods-mc-mi.Rmd is generated from .setup/vignettes/methods-mc-mi.Rmd.orig. Please edit that file -->






```r
library(semmcci)
library(lavaan)
```

## Data




```r
summary(df)
#>        X                  M                  Y           
#>  Min.   :-3.19956   Min.   :-3.37128   Min.   :-3.61432  
#>  1st Qu.:-0.63268   1st Qu.:-0.70516   1st Qu.:-0.66921  
#>  Median : 0.02823   Median : 0.02825   Median :-0.04833  
#>  Mean   : 0.00269   Mean   :-0.01992   Mean   :-0.01538  
#>  3rd Qu.: 0.65754   3rd Qu.: 0.65240   3rd Qu.: 0.65293  
#>  Max.   : 3.47091   Max.   : 2.93497   Max.   : 3.09950  
#>  NA's   :100        NA's   :100        NA's   :100
```

## Multiple Imputation

Perform the appropriate multiple imputation approach to deal with missing values.
In this example, we impute multivariate missing data under the normal model.


```r
mi <- mice::mice(
  df,
  method = "norm",
  m = 100,
  print = FALSE,
  seed = 42
)
```

## Model Specification


```r
model <- "
  Y ~ cp * X + b * M
  M ~ a * X
  X ~~ X
  indirect := a * b
  direct := cp
  total := cp + (a * b)
"
```

## Model Fitting


```r
fit <- sem(data = df, model = model)
```

## Monte Carlo Confidence Intervals


```r
unstd <- MCMI(fit, mi = mi, R = 20000L, alpha = 0.05)
```

## Methods

### print


```r
print(unstd)
#> Monte Carlo Confidence Intervals (Multiple Imputation Estimates)
#>             est     se     R   2.5%  97.5%
#> cp       0.2328 0.0297 20000 0.1738 0.2904
#> b        0.5113 0.0299 20000 0.4525 0.5699
#> a        0.4811 0.0288 20000 0.4241 0.5370
#> X~~X     1.0617 0.0492 20000 0.9657 1.1584
#> Y~~Y     0.5533 0.0270 20000 0.5006 0.6065
#> M~~M     0.7568 0.0363 20000 0.6843 0.8279
#> indirect 0.2460 0.0203 20000 0.2074 0.2868
#> direct   0.2328 0.0297 20000 0.1738 0.2904
#> total    0.4788 0.0286 20000 0.4223 0.5340
```

### summary


```r
summary(unstd)
#> Monte Carlo Confidence Intervals (Multiple Imputation Estimates)
#>             est     se     R   2.5%  97.5%
#> cp       0.2328 0.0297 20000 0.1738 0.2904
#> b        0.5113 0.0299 20000 0.4525 0.5699
#> a        0.4811 0.0288 20000 0.4241 0.5370
#> X~~X     1.0617 0.0492 20000 0.9657 1.1584
#> Y~~Y     0.5533 0.0270 20000 0.5006 0.6065
#> M~~M     0.7568 0.0363 20000 0.6843 0.8279
#> indirect 0.2460 0.0203 20000 0.2074 0.2868
#> direct   0.2328 0.0297 20000 0.1738 0.2904
#> total    0.4788 0.0286 20000 0.4223 0.5340
```

### coef


```r
coef(unstd)
#>        cp         b         a      X~~X      Y~~Y      M~~M  indirect    direct 
#> 0.2328242 0.5113353 0.4810732 1.0617011 0.5533052 0.7567771 0.2459664 0.2328242 
#>     total 
#> 0.4787907
```

### vcov


```r
vcov(unstd)
#>                     cp             b             a          X~~X          Y~~Y
#> cp        8.793329e-04 -4.666456e-04 -2.608999e-05  2.263679e-05 -1.233791e-05
#> b        -4.666456e-04  8.942491e-04 -2.013357e-05 -2.554609e-05 -2.939115e-05
#> a        -2.608999e-05 -2.013357e-05  8.269181e-04 -1.976744e-05  2.946446e-05
#> X~~X      2.263679e-05 -2.554609e-05 -1.976744e-05  2.416974e-03 -2.907825e-05
#> Y~~Y     -1.233791e-05 -2.939115e-05  2.946446e-05 -2.907825e-05  7.292425e-04
#> M~~M     -2.007116e-06 -3.376419e-07 -7.714066e-05 -1.619647e-05 -1.862093e-05
#> indirect -2.377392e-04  4.197873e-04  4.127939e-04 -2.219222e-05  1.044598e-06
#> direct    8.793329e-04 -4.666456e-04 -2.608999e-05  2.263679e-05 -1.233791e-05
#> total     6.415938e-04 -4.685834e-05  3.867039e-04  4.445779e-07 -1.129331e-05
#>                   M~~M      indirect        direct         total
#> cp       -2.007116e-06 -2.377392e-04  8.793329e-04  6.415938e-04
#> b        -3.376419e-07  4.197873e-04 -4.666456e-04 -4.685834e-05
#> a        -7.714066e-05  4.127939e-04 -2.608999e-05  3.867039e-04
#> X~~X     -1.619647e-05 -2.219222e-05  2.263679e-05  4.445779e-07
#> Y~~Y     -1.862093e-05  1.044598e-06 -1.233791e-05 -1.129331e-05
#> M~~M      1.318828e-03 -3.962831e-05 -2.007116e-06 -4.163542e-05
#> indirect -3.962831e-05  4.135146e-04 -2.377392e-04  1.757755e-04
#> direct   -2.007116e-06 -2.377392e-04  8.793329e-04  6.415938e-04
#> total    -4.163542e-05  1.757755e-04  6.415938e-04  8.173692e-04
```

### confint


```r
confint(unstd, level = 0.95)
#>              2.5 %    97.5 %
#> cp       0.1737572 0.2904480
#> b        0.4525156 0.5698509
#> a        0.4240534 0.5370485
#> X~~X     0.9656753 1.1583784
#> Y~~Y     0.5006379 0.6064533
#> M~~M     0.6843484 0.8279415
#> indirect 0.2073727 0.2867631
#> direct   0.1737572 0.2904480
#> total    0.4222842 0.5340370
```

## Standardized Monte Carlo Confidence Intervals


```r
fit <- sem(data = df, model = model, fixed.x = FALSE)
unstd <- MCMI(fit, mi = mi, R = 20000L, alpha = 0.05)
```


```r
std <- MCStd(unstd, alpha = 0.05)
```

## Methods

### print


```r
print(std)
#> Standardized Monte Carlo Confidence Intervals
#>             est     se     R   2.5%  97.5%
#> cp       0.2450 0.0304 20000 0.1809 0.2997
#> b        0.5189 0.0272 20000 0.4596 0.5662
#> a        0.5031 0.0259 20000 0.4438 0.5450
#> X~~X     1.0000 0.0000 20000 1.0000 1.0000
#> Y~~Y     0.5429 0.0249 20000 0.5064 0.6043
#> M~~M     0.7469 0.0256 20000 0.7030 0.8030
#> indirect 0.2610 0.0190 20000 0.2178 0.2919
#> direct   0.2450 0.0304 20000 0.1809 0.2997
#> total    0.5060 0.0259 20000 0.4427 0.5439
```

### summary


```r
summary(std)
#> Standardized Monte Carlo Confidence Intervals
#>             est     se     R   2.5%  97.5%
#> cp       0.2450 0.0304 20000 0.1809 0.2997
#> b        0.5189 0.0272 20000 0.4596 0.5662
#> a        0.5031 0.0259 20000 0.4438 0.5450
#> X~~X     1.0000 0.0000 20000 1.0000 1.0000
#> Y~~Y     0.5429 0.0249 20000 0.5064 0.6043
#> M~~M     0.7469 0.0256 20000 0.7030 0.8030
#> indirect 0.2610 0.0190 20000 0.2178 0.2919
#> direct   0.2450 0.0304 20000 0.1809 0.2997
#> total    0.5060 0.0259 20000 0.4427 0.5439
```

### coef


```r
coef(std)
#>        cp         b         a      X~~X      Y~~Y      M~~M  indirect    direct 
#> 0.2449797 0.5188628 0.5030687 1.0000000 0.5428754 0.7469219 0.2610236 0.2449797 
#>     total 
#> 0.5060033
```

### vcov


```r
vcov(std)
#>                     cp             b             a          X~~X          Y~~Y
#> cp        9.218588e-04 -6.008139e-04 -1.477630e-05 -5.443656e-21 -1.481787e-04
#> b        -6.008139e-04  7.419563e-04  1.736830e-06  3.137550e-21 -3.434114e-04
#> a        -1.477630e-05  1.736830e-06  6.684570e-04 -2.057509e-20 -1.518231e-04
#> X~~X     -5.443656e-21  3.137550e-21 -2.057509e-20  1.179529e-32  7.457143e-21
#> Y~~Y     -1.481787e-04 -3.434114e-04 -1.518231e-04  7.457143e-21  6.182506e-04
#> M~~M      1.478581e-05 -1.883622e-06 -6.605900e-04  1.976146e-20  1.500498e-04
#> indirect -3.051023e-04  3.683107e-04  3.442103e-04 -9.316129e-21 -2.478961e-04
#> direct    9.218588e-04 -6.008139e-04 -1.477630e-05 -5.443656e-21 -1.481787e-04
#> total     6.167566e-04 -2.325032e-04  3.294340e-04 -1.475978e-20 -3.960748e-04
#>                   M~~M      indirect        direct         total
#> cp        1.478581e-05 -3.051023e-04  9.218588e-04  6.167566e-04
#> b        -1.883622e-06  3.683107e-04 -6.008139e-04 -2.325032e-04
#> a        -6.605900e-04  3.442103e-04 -1.477630e-05  3.294340e-04
#> X~~X      1.976146e-20 -9.316129e-21 -5.443656e-21 -1.475978e-20
#> Y~~Y      1.500498e-04 -2.478961e-04 -1.481787e-04 -3.960748e-04
#> M~~M      6.537163e-04 -3.402445e-04  1.478581e-05 -3.254587e-04
#> indirect -3.402445e-04  3.596889e-04 -3.051023e-04  5.458664e-05
#> direct    1.478581e-05 -3.051023e-04  9.218588e-04  6.167566e-04
#> total    -3.254587e-04  5.458664e-05  6.167566e-04  6.713432e-04
```

### confint


```r
confint(std, level = 0.95)
#>              2.5 %    97.5 %
#> cp       0.1809029 0.2996966
#> b        0.4595835 0.5662273
#> a        0.4437916 0.5450209
#> X~~X     1.0000000 1.0000000
#> Y~~Y     0.5063916 0.6043289
#> M~~M     0.7029523 0.8030490
#> indirect 0.2178409 0.2918832
#> direct   0.1809029 0.2996966
#> total    0.4426910 0.5438598
```

## References
