---
title: "semmcci: Methods (MC)"
author: "Ivan Jacob Agaloos Pesigan"
date: "2023-08-10"
bibliography: "vignettes.bib"
csl: https://raw.githubusercontent.com/citation-style-language/styles/master/apa.csl
nocite: |
  @Pesigan-Cheung-2023
output:
  rmarkdown::html_vignette:
    toc: true
vignette: >
  %\VignetteIndexEntry{semmcci: Methods (MC)}
  %\VignetteEngine{knitr::rmarkdown}
  %\VignetteEncoding{UTF-8}
---

<!-- vignettes/methods-mc.Rmd is generated from .setup/vignettes/methods-mc.Rmd.orig. Please edit that file -->






```r
library(semmcci)
library(lavaan)
```

## Data




```r
summary(df)
#>        X                   M                   Y           
#>  Min.   :-3.199558   Min.   :-3.371276   Min.   :-3.61432  
#>  1st Qu.:-0.636035   1st Qu.:-0.692640   1st Qu.:-0.66146  
#>  Median : 0.011377   Median : 0.007125   Median :-0.04726  
#>  Mean   :-0.003207   Mean   :-0.023968   Mean   :-0.01677  
#>  3rd Qu.: 0.651951   3rd Qu.: 0.647363   3rd Qu.: 0.62640  
#>  Max.   : 3.470910   Max.   : 2.963216   Max.   : 3.09950
colMeans(df)
#>            X            M            Y 
#> -0.003206987 -0.023968103 -0.016774294
var(df)
#>           X         M         Y
#> X 1.0600162 0.5108780 0.5069458
#> M 0.5108780 0.9996606 0.6272104
#> Y 0.5069458 0.6272104 0.9837255
```

## Model Specification


```r
model <- "
  Y ~ cp * X + b * M
  M ~ a * X
  indirect := a * b
  direct := cp
  total := cp + (a * b)
"
```

## Model Fitting


```r
fit <- sem(data = df, model = model)
```

## Monte Carlo Confidence Intervals


```r
unstd <- MC(fit, R = 20000L, alpha = 0.05)
```

## Methods

### print


```r
print(unstd)
#> Monte Carlo Confidence Intervals
#>             est     se     R   2.5%  97.5%
#> cp       0.2333 0.0259 20000 0.1825 0.2844
#> b        0.5082 0.0269 20000 0.4556 0.5617
#> a        0.4820 0.0265 20000 0.4297 0.5339
#> Y~~Y     0.5462 0.0247 20000 0.4978 0.5954
#> M~~M     0.7527 0.0337 20000 0.6859 0.8184
#> X~~X     1.0590 0.0000 20000 1.0590 1.0590
#> indirect 0.2449 0.0187 20000 0.2090 0.2822
#> direct   0.2333 0.0259 20000 0.1825 0.2844
#> total    0.4782 0.0262 20000 0.4267 0.5291
```

### summary


```r
summary(unstd)
#> Monte Carlo Confidence Intervals
#>             est     se     R   2.5%  97.5%
#> cp       0.2333 0.0259 20000 0.1825 0.2844
#> b        0.5082 0.0269 20000 0.4556 0.5617
#> a        0.4820 0.0265 20000 0.4297 0.5339
#> Y~~Y     0.5462 0.0247 20000 0.4978 0.5954
#> M~~M     0.7527 0.0337 20000 0.6859 0.8184
#> X~~X     1.0590 0.0000 20000 1.0590 1.0590
#> indirect 0.2449 0.0187 20000 0.2090 0.2822
#> direct   0.2333 0.0259 20000 0.1825 0.2844
#> total    0.4782 0.0262 20000 0.4267 0.5291
```

### coef


```r
coef(unstd)
#>        cp         b         a      Y~~Y      M~~M      X~~X  indirect    direct 
#> 0.2333230 0.5081833 0.4819530 0.5461589 0.7526879 1.0589562 0.2449205 0.2333230 
#>     total 
#> 0.4782435
```

### vcov


```r
vcov(unstd)
#>                     cp             b             a         Y~~Y          M~~M
#> cp        6.704372e-04 -3.452952e-04 -2.380654e-06 2.385058e-06  2.606950e-06
#> b        -3.452952e-04  7.260071e-04 -1.808674e-06 8.443630e-07 -3.929237e-06
#> a        -2.380654e-06 -1.808674e-06  7.019374e-04 4.822625e-07  1.203205e-05
#> Y~~Y      2.385058e-06  8.443630e-07  4.822625e-07 6.106798e-04  9.172489e-06
#> M~~M      2.606950e-06 -3.929237e-06  1.203205e-05 9.172489e-06  1.134969e-03
#> X~~X      0.000000e+00  0.000000e+00  0.000000e+00 0.000000e+00  0.000000e+00
#> indirect -1.673913e-04  3.487905e-04  3.557140e-04 5.895882e-07  4.214970e-06
#> direct    6.704372e-04 -3.452952e-04 -2.380654e-06 2.385058e-06  2.606950e-06
#> total     5.030459e-04  3.495254e-06  3.533333e-04 2.974646e-06  6.821921e-06
#>          X~~X      indirect        direct        total
#> cp          0 -1.673913e-04  6.704372e-04 5.030459e-04
#> b           0  3.487905e-04 -3.452952e-04 3.495254e-06
#> a           0  3.557140e-04 -2.380654e-06 3.533333e-04
#> Y~~Y        0  5.895882e-07  2.385058e-06 2.974646e-06
#> M~~M        0  4.214970e-06  2.606950e-06 6.821921e-06
#> X~~X        0  0.000000e+00  0.000000e+00 0.000000e+00
#> indirect    0  3.492261e-04 -1.673913e-04 1.818347e-04
#> direct      0 -1.673913e-04  6.704372e-04 5.030459e-04
#> total       0  1.818347e-04  5.030459e-04 6.848806e-04
```

### confint


```r
confint(unstd, level = 0.95)
#>              2.5 %    97.5 %
#> cp       0.1824725 0.2844117
#> b        0.4556322 0.5617029
#> a        0.4297050 0.5338943
#> Y~~Y     0.4978210 0.5953950
#> M~~M     0.6858611 0.8184199
#> X~~X     1.0589562 1.0589562
#> indirect 0.2089788 0.2822249
#> direct   0.1824725 0.2844117
#> total    0.4267446 0.5291324
```

## Standardized Monte Carlo Confidence Intervals


```r
fit <- sem(data = df, model = model, fixed.x = FALSE)
unstd <- MC(fit, R = 20000L, alpha = 0.05)
```


```r
std <- MCStd(unstd, alpha = 0.05)
```

## Methods

### print


```r
print(std)
#> Standardized Monte Carlo Confidence Intervals
#>             est     se     R   2.5%  97.5%
#> cp       0.2422 0.0265 20000 0.1894 0.2933
#> b        0.5123 0.0245 20000 0.4636 0.5593
#> a        0.4963 0.0238 20000 0.4481 0.5418
#> Y~~Y     0.5558 0.0234 20000 0.5095 0.6018
#> M~~M     0.7537 0.0236 20000 0.7064 0.7992
#> X~~X     1.0000 0.0000 20000 1.0000 1.0000
#> indirect 0.2542 0.0175 20000 0.2205 0.2891
#> direct   0.2422 0.0265 20000 0.1894 0.2933
#> total    0.4964 0.0238 20000 0.4484 0.5417
```

### summary


```r
summary(std)
#> Standardized Monte Carlo Confidence Intervals
#>             est     se     R   2.5%  97.5%
#> cp       0.2422 0.0265 20000 0.1894 0.2933
#> b        0.5123 0.0245 20000 0.4636 0.5593
#> a        0.4963 0.0238 20000 0.4481 0.5418
#> Y~~Y     0.5558 0.0234 20000 0.5095 0.6018
#> M~~M     0.7537 0.0236 20000 0.7064 0.7992
#> X~~X     1.0000 0.0000 20000 1.0000 1.0000
#> indirect 0.2542 0.0175 20000 0.2205 0.2891
#> direct   0.2422 0.0265 20000 0.1894 0.2933
#> total    0.4964 0.0238 20000 0.4484 0.5417
```

### coef


```r
coef(std)
#>        cp         b         a      Y~~Y      M~~M      X~~X  indirect    direct 
#> 0.2422015 0.5122827 0.4962890 0.5557501 0.7536972 1.0000000 0.2542403 0.2422015 
#>     total 
#> 0.4964418
```

### vcov


```r
vcov(std)
#>                     cp             b             a          Y~~Y          M~~M
#> cp        7.048993e-04 -4.613600e-04  1.376586e-05 -1.190020e-04 -1.350836e-05
#> b        -4.613600e-04  6.007699e-04  1.541904e-05 -3.051948e-04 -1.523208e-05
#> a         1.376586e-05  1.541904e-05  5.685244e-04 -1.734297e-04 -5.629859e-04
#> Y~~Y     -1.190020e-04 -3.051948e-04 -1.734297e-04  5.468124e-04  1.716042e-04
#> M~~M     -1.350836e-05 -1.523208e-05 -5.629859e-04  1.716042e-04  5.581410e-04
#> X~~X     -1.620736e-20 -5.073212e-21  2.194271e-20  1.720022e-20 -2.264362e-20
#> indirect -2.219007e-04  3.060034e-04  2.985579e-04 -2.400777e-04 -2.956468e-04
#> direct    7.048993e-04 -4.613600e-04  1.376586e-05 -1.190020e-04 -1.350836e-05
#> total     4.829986e-04 -1.553566e-04  3.123238e-04 -3.590797e-04 -3.091552e-04
#>                   X~~X      indirect        direct         total
#> cp       -1.620736e-20 -2.219007e-04  7.048993e-04  4.829986e-04
#> b        -5.073212e-21  3.060034e-04 -4.613600e-04 -1.553566e-04
#> a         2.194271e-20  2.985579e-04  1.376586e-05  3.123238e-04
#> Y~~Y      1.720022e-20 -2.400777e-04 -1.190020e-04 -3.590797e-04
#> M~~M     -2.264362e-20 -2.956468e-04 -1.350836e-05 -3.091552e-04
#> X~~X      1.197156e-32  1.010888e-20 -1.620736e-20 -6.098484e-21
#> indirect  1.010888e-20  3.049573e-04 -2.219007e-04  8.305656e-05
#> direct   -1.620736e-20 -2.219007e-04  7.048993e-04  4.829986e-04
#> total    -6.098484e-21  8.305656e-05  4.829986e-04  5.660552e-04
```

### confint


```r
confint(std, level = 0.95)
#>              2.5 %    97.5 %
#> cp       0.1893698 0.2933075
#> b        0.4636268 0.5592781
#> a        0.4480612 0.5418376
#> Y~~Y     0.5094749 0.6017854
#> M~~M     0.7064120 0.7992412
#> X~~X     1.0000000 1.0000000
#> indirect 0.2204618 0.2890920
#> direct   0.1893698 0.2933075
#> total    0.4483854 0.5416648
```

# References
