---
title: "semmcci: Methods (MC)"
author: "Ivan Jacob Agaloos Pesigan"
date: "2023-08-19"
bibliography: "vignettes.bib"
csl: https://raw.githubusercontent.com/citation-style-language/styles/master/apa.csl
nocite: |
  @Pesigan-Cheung-2023
output:
  rmarkdown::html_vignette:
    toc: true
vignette: >
  %\VignetteIndexEntry{semmcci: Methods (MC)}
  %\VignetteEngine{knitr::rmarkdown}
  %\VignetteEncoding{UTF-8}
---

<!-- vignettes/methods-mc.Rmd is generated from .setup/vignettes/methods-mc.Rmd.orig. Please edit that file -->






```r
library(semmcci)
library(lavaan)
```

## Data




```r
summary(df)
#>        X                   M                   Y           
#>  Min.   :-3.199558   Min.   :-3.371276   Min.   :-3.61432  
#>  1st Qu.:-0.636035   1st Qu.:-0.692640   1st Qu.:-0.66146  
#>  Median : 0.011377   Median : 0.007125   Median :-0.04726  
#>  Mean   :-0.003207   Mean   :-0.023968   Mean   :-0.01677  
#>  3rd Qu.: 0.651951   3rd Qu.: 0.647363   3rd Qu.: 0.62640  
#>  Max.   : 3.470910   Max.   : 2.963216   Max.   : 3.09950
colMeans(df)
#>            X            M            Y 
#> -0.003206987 -0.023968103 -0.016774294
var(df)
#>           X         M         Y
#> X 1.0600162 0.5108780 0.5069458
#> M 0.5108780 0.9996606 0.6272104
#> Y 0.5069458 0.6272104 0.9837255
```

## Model Specification


```r
model <- "
  Y ~ cp * X + b * M
  M ~ a * X
  indirect := a * b
  direct := cp
  total := cp + (a * b)
"
```

## Model Fitting


```r
fit <- sem(data = df, model = model)
```

## Monte Carlo Confidence Intervals


```r
unstd <- MC(fit, R = 20000L, alpha = 0.05)
```

## Methods

### print


```r
print(unstd)
#> Monte Carlo Confidence Intervals
#>             est     se     R   2.5%  97.5%
#> cp       0.2333 0.0260 20000 0.1823 0.2842
#> b        0.5082 0.0270 20000 0.4549 0.5613
#> a        0.4820 0.0267 20000 0.4293 0.5343
#> Y~~Y     0.5462 0.0242 20000 0.4983 0.5939
#> M~~M     0.7527 0.0339 20000 0.6857 0.8186
#> X~~X     1.0590 0.0000 20000 1.0590 1.0590
#> indirect 0.2449 0.0187 20000 0.2089 0.2823
#> direct   0.2333 0.0260 20000 0.1823 0.2842
#> total    0.4782 0.0262 20000 0.4274 0.5292
```

### summary


```r
summary(unstd)
#> Monte Carlo Confidence Intervals
#>             est     se     R   2.5%  97.5%
#> cp       0.2333 0.0260 20000 0.1823 0.2842
#> b        0.5082 0.0270 20000 0.4549 0.5613
#> a        0.4820 0.0267 20000 0.4293 0.5343
#> Y~~Y     0.5462 0.0242 20000 0.4983 0.5939
#> M~~M     0.7527 0.0339 20000 0.6857 0.8186
#> X~~X     1.0590 0.0000 20000 1.0590 1.0590
#> indirect 0.2449 0.0187 20000 0.2089 0.2823
#> direct   0.2333 0.0260 20000 0.1823 0.2842
#> total    0.4782 0.0262 20000 0.4274 0.5292
```

### coef


```r
coef(unstd)
#>        cp         b         a      Y~~Y      M~~M      X~~X  indirect    direct 
#> 0.2333230 0.5081833 0.4819530 0.5461589 0.7526879 1.0589562 0.2449205 0.2333230 
#>     total 
#> 0.4782435
```

### vcov


```r
vcov(unstd)
#>                     cp             b             a          Y~~Y          M~~M
#> cp        6.741726e-04 -3.556007e-04  2.489144e-06  5.264149e-06  6.582071e-06
#> b        -3.556007e-04  7.301853e-04 -4.231689e-06 -2.894440e-07 -4.993425e-06
#> a         2.489144e-06 -4.231689e-06  7.131873e-04 -3.387760e-06 -4.703684e-06
#> Y~~Y      5.264149e-06 -2.894440e-07 -3.387760e-06  5.873626e-04  5.474472e-06
#> M~~M      6.582071e-06 -4.993425e-06 -4.703684e-06  5.474472e-06  1.146691e-03
#> X~~X      0.000000e+00  0.000000e+00  0.000000e+00  0.000000e+00  0.000000e+00
#> indirect -1.700951e-04  3.496435e-04  3.597341e-04 -1.888187e-06 -4.737142e-06
#> direct    6.741726e-04 -3.556007e-04  2.489144e-06  5.264149e-06  6.582071e-06
#> total     5.040775e-04 -5.957212e-06  3.622232e-04  3.375962e-06  1.844929e-06
#>          X~~X      indirect        direct         total
#> cp          0 -1.700951e-04  6.741726e-04  5.040775e-04
#> b           0  3.496435e-04 -3.556007e-04 -5.957212e-06
#> a           0  3.597341e-04  2.489144e-06  3.622232e-04
#> Y~~Y        0 -1.888187e-06  5.264149e-06  3.375962e-06
#> M~~M        0 -4.737142e-06  6.582071e-06  1.844929e-06
#> X~~X        0  0.000000e+00  0.000000e+00  0.000000e+00
#> indirect    0  3.514447e-04 -1.700951e-04  1.813496e-04
#> direct      0 -1.700951e-04  6.741726e-04  5.040775e-04
#> total       0  1.813496e-04  5.040775e-04  6.854270e-04
```

### confint


```r
confint(unstd, level = 0.95)
#>              2.5 %    97.5 %
#> cp       0.1823071 0.2842036
#> b        0.4549030 0.5612613
#> a        0.4292582 0.5342988
#> Y~~Y     0.4983412 0.5938963
#> M~~M     0.6856552 0.8186249
#> X~~X     1.0589562 1.0589562
#> indirect 0.2088988 0.2823237
#> direct   0.1823071 0.2842036
#> total    0.4273726 0.5292175
```

## Standardized Monte Carlo Confidence Intervals


```r
fit <- sem(data = df, model = model, fixed.x = FALSE)
unstd <- MC(fit, R = 20000L, alpha = 0.05)
```


```r
std <- MCStd(unstd, alpha = 0.05)
```

## Methods

### print


```r
print(std)
#> Standardized Monte Carlo Confidence Intervals
#>             est     se     R   2.5%  97.5%
#> cp       0.2422 0.0266 20000 0.1897 0.2939
#> b        0.5123 0.0244 20000 0.4640 0.5599
#> a        0.4963 0.0239 20000 0.4476 0.5417
#> Y~~Y     0.5558 0.0234 20000 0.5097 0.6011
#> M~~M     0.7537 0.0237 20000 0.7066 0.7997
#> X~~X     1.0000 0.0000 20000 1.0000 1.0000
#> indirect 0.2542 0.0175 20000 0.2203 0.2885
#> direct   0.2422 0.0266 20000 0.1897 0.2939
#> total    0.4964 0.0239 20000 0.4478 0.5419
```

### summary


```r
summary(std)
#> Standardized Monte Carlo Confidence Intervals
#>             est     se     R   2.5%  97.5%
#> cp       0.2422 0.0266 20000 0.1897 0.2939
#> b        0.5123 0.0244 20000 0.4640 0.5599
#> a        0.4963 0.0239 20000 0.4476 0.5417
#> Y~~Y     0.5558 0.0234 20000 0.5097 0.6011
#> M~~M     0.7537 0.0237 20000 0.7066 0.7997
#> X~~X     1.0000 0.0000 20000 1.0000 1.0000
#> indirect 0.2542 0.0175 20000 0.2203 0.2885
#> direct   0.2422 0.0266 20000 0.1897 0.2939
#> total    0.4964 0.0239 20000 0.4478 0.5419
```

### coef


```r
coef(std)
#>        cp         b         a      Y~~Y      M~~M      X~~X  indirect    direct 
#> 0.2422015 0.5122827 0.4962890 0.5557501 0.7536972 1.0000000 0.2542403 0.2422015 
#>     total 
#> 0.4964418
```

### vcov


```r
vcov(std)
#>                     cp             b             a          Y~~Y          M~~M
#> cp        7.091580e-04 -4.601119e-04  1.178639e-05 -1.238947e-04 -1.174664e-05
#> b        -4.601119e-04  5.971440e-04  1.685972e-05 -3.023338e-04 -1.647434e-05
#> a         1.178639e-05  1.685972e-05  5.734530e-04 -1.742675e-04 -5.676173e-04
#> Y~~Y     -1.238947e-04 -3.023338e-04 -1.742675e-04  5.479316e-04  1.723241e-04
#> M~~M     -1.174664e-05 -1.647434e-05 -5.676173e-04  1.723241e-04  5.624728e-04
#> X~~X      2.914503e-20 -2.249545e-20  6.690717e-21 -1.984077e-21 -7.238083e-21
#> indirect -2.221581e-04  3.049511e-04  3.017337e-04 -2.392175e-04 -2.985766e-04
#> direct    7.091580e-04 -4.601119e-04  1.178639e-05 -1.238947e-04 -1.174664e-05
#> total     4.869999e-04 -1.551608e-04  3.135201e-04 -3.631122e-04 -3.103232e-04
#>                   X~~X      indirect        direct         total
#> cp        2.914503e-20 -2.221581e-04  7.091580e-04  4.869999e-04
#> b        -2.249545e-20  3.049511e-04 -4.601119e-04 -1.551608e-04
#> a         6.690717e-21  3.017337e-04  1.178639e-05  3.135201e-04
#> Y~~Y     -1.984077e-21 -2.392175e-04 -1.238947e-04 -3.631122e-04
#> M~~M     -7.238083e-21 -2.985766e-04 -1.174664e-05 -3.103232e-04
#> X~~X      1.195615e-32 -7.517620e-21  2.914503e-20  2.162741e-20
#> indirect -7.517620e-21  3.060285e-04 -2.221581e-04  8.387040e-05
#> direct    2.914503e-20 -2.221581e-04  7.091580e-04  4.869999e-04
#> total     2.162741e-20  8.387040e-05  4.869999e-04  5.708703e-04
```

### confint


```r
confint(std, level = 0.95)
#>              2.5 %    97.5 %
#> cp       0.1896564 0.2938581
#> b        0.4639817 0.5598633
#> a        0.4475546 0.5416673
#> Y~~Y     0.5097488 0.6010584
#> M~~M     0.7065966 0.7996949
#> X~~X     1.0000000 1.0000000
#> indirect 0.2202969 0.2884723
#> direct   0.1896564 0.2938581
#> total    0.4478200 0.5418623
```

# References
