---
title: "semmcci: Methods (MC)"
author: "Ivan Jacob Agaloos Pesigan"
date: "2023-08-15"
bibliography: "vignettes.bib"
csl: https://raw.githubusercontent.com/citation-style-language/styles/master/apa.csl
nocite: |
  @Pesigan-Cheung-2023
output:
  rmarkdown::html_vignette:
    toc: true
vignette: >
  %\VignetteIndexEntry{semmcci: Methods (MC)}
  %\VignetteEngine{knitr::rmarkdown}
  %\VignetteEncoding{UTF-8}
---

<!-- vignettes/methods-mc.Rmd is generated from .setup/vignettes/methods-mc.Rmd.orig. Please edit that file -->






```r
library(semmcci)
library(lavaan)
```

## Data




```r
summary(df)
#>        X                   M                   Y           
#>  Min.   :-3.199558   Min.   :-3.371276   Min.   :-3.61432  
#>  1st Qu.:-0.636035   1st Qu.:-0.692640   1st Qu.:-0.66146  
#>  Median : 0.011377   Median : 0.007125   Median :-0.04726  
#>  Mean   :-0.003207   Mean   :-0.023968   Mean   :-0.01677  
#>  3rd Qu.: 0.651951   3rd Qu.: 0.647363   3rd Qu.: 0.62640  
#>  Max.   : 3.470910   Max.   : 2.963216   Max.   : 3.09950
colMeans(df)
#>            X            M            Y 
#> -0.003206987 -0.023968103 -0.016774294
var(df)
#>           X         M         Y
#> X 1.0600162 0.5108780 0.5069458
#> M 0.5108780 0.9996606 0.6272104
#> Y 0.5069458 0.6272104 0.9837255
```

## Model Specification


```r
model <- "
  Y ~ cp * X + b * M
  M ~ a * X
  indirect := a * b
  direct := cp
  total := cp + (a * b)
"
```

## Model Fitting


```r
fit <- sem(data = df, model = model)
```

## Monte Carlo Confidence Intervals


```r
unstd <- MC(fit, R = 20000L, alpha = 0.05)
```

## Methods

### print


```r
print(unstd)
#> Monte Carlo Confidence Intervals
#>             est     se     R   2.5%  97.5%
#> cp       0.2333 0.0262 20000 0.1813 0.2841
#> b        0.5082 0.0271 20000 0.4554 0.5615
#> a        0.4820 0.0266 20000 0.4296 0.5337
#> Y~~Y     0.5462 0.0245 20000 0.4981 0.5945
#> M~~M     0.7527 0.0336 20000 0.6878 0.8192
#> X~~X     1.0590 0.0000 20000 1.0590 1.0590
#> indirect 0.2449 0.0188 20000 0.2092 0.2826
#> direct   0.2333 0.0262 20000 0.1813 0.2841
#> total    0.4782 0.0264 20000 0.4257 0.5292
```

### summary


```r
summary(unstd)
#> Monte Carlo Confidence Intervals
#>             est     se     R   2.5%  97.5%
#> cp       0.2333 0.0262 20000 0.1813 0.2841
#> b        0.5082 0.0271 20000 0.4554 0.5615
#> a        0.4820 0.0266 20000 0.4296 0.5337
#> Y~~Y     0.5462 0.0245 20000 0.4981 0.5945
#> M~~M     0.7527 0.0336 20000 0.6878 0.8192
#> X~~X     1.0590 0.0000 20000 1.0590 1.0590
#> indirect 0.2449 0.0188 20000 0.2092 0.2826
#> direct   0.2333 0.0262 20000 0.1813 0.2841
#> total    0.4782 0.0264 20000 0.4257 0.5292
```

### coef


```r
coef(unstd)
#>        cp         b         a      Y~~Y      M~~M      X~~X  indirect    direct 
#> 0.2333230 0.5081833 0.4819530 0.5461589 0.7526879 1.0589562 0.2449205 0.2333230 
#>     total 
#> 0.4782435
```

### vcov


```r
vcov(unstd)
#>                     cp             b             a          Y~~Y          M~~M
#> cp        6.873262e-04 -3.577137e-04 -2.777225e-06  8.779693e-06  4.365563e-06
#> b        -3.577137e-04  7.342545e-04  2.041501e-06 -5.684811e-07 -4.774762e-06
#> a        -2.777225e-06  2.041501e-06  7.078807e-04  6.887940e-07 -2.636573e-06
#> Y~~Y      8.779693e-06 -5.684811e-07  6.887940e-07  6.020132e-04 -3.903225e-06
#> M~~M      4.365563e-06 -4.774762e-06 -2.636573e-06 -3.903225e-06  1.128770e-03
#> X~~X      0.000000e+00  0.000000e+00  0.000000e+00  0.000000e+00  0.000000e+00
#> indirect -1.734724e-04  3.547087e-04  3.605149e-04 -1.314294e-07 -3.627712e-06
#> direct    6.873262e-04 -3.577137e-04 -2.777225e-06  8.779693e-06  4.365563e-06
#> total     5.138537e-04 -3.005031e-06  3.577376e-04  8.648264e-06  7.378508e-07
#>          X~~X      indirect        direct         total
#> cp          0 -1.734724e-04  6.873262e-04  5.138537e-04
#> b           0  3.547087e-04 -3.577137e-04 -3.005031e-06
#> a           0  3.605149e-04 -2.777225e-06  3.577376e-04
#> Y~~Y        0 -1.314294e-07  8.779693e-06  8.648264e-06
#> M~~M        0 -3.627712e-06  4.365563e-06  7.378508e-07
#> X~~X        0  0.000000e+00  0.000000e+00  0.000000e+00
#> indirect    0  3.544813e-04 -1.734724e-04  1.810089e-04
#> direct      0 -1.734724e-04  6.873262e-04  5.138537e-04
#> total       0  1.810089e-04  5.138537e-04  6.948626e-04
```

### confint


```r
confint(unstd, level = 0.95)
#>              2.5 %    97.5 %
#> cp       0.1812875 0.2840881
#> b        0.4554170 0.5615450
#> a        0.4295818 0.5337026
#> Y~~Y     0.4980886 0.5945293
#> M~~M     0.6877631 0.8192329
#> X~~X     1.0589562 1.0589562
#> indirect 0.2092155 0.2825681
#> direct   0.1812875 0.2840881
#> total    0.4256956 0.5292047
```

## Standardized Monte Carlo Confidence Intervals


```r
fit <- sem(data = df, model = model, fixed.x = FALSE)
unstd <- MC(fit, R = 20000L, alpha = 0.05)
```


```r
std <- MCStd(unstd, alpha = 0.05)
```

## Methods

### print


```r
print(std)
#> Standardized Monte Carlo Confidence Intervals
#>             est     se     R   2.5%  97.5%
#> cp       0.2422 0.0268 20000 0.1894 0.2942
#> b        0.5123 0.0245 20000 0.4639 0.5591
#> a        0.4963 0.0241 20000 0.4487 0.5428
#> Y~~Y     0.5558 0.0234 20000 0.5093 0.6009
#> M~~M     0.7537 0.0239 20000 0.7054 0.7986
#> X~~X     1.0000 0.0000 20000 1.0000 1.0000
#> indirect 0.2542 0.0176 20000 0.2202 0.2893
#> direct   0.2422 0.0268 20000 0.1894 0.2942
#> total    0.4964 0.0239 20000 0.4482 0.5416
```

### summary


```r
summary(std)
#> Standardized Monte Carlo Confidence Intervals
#>             est     se     R   2.5%  97.5%
#> cp       0.2422 0.0268 20000 0.1894 0.2942
#> b        0.5123 0.0245 20000 0.4639 0.5591
#> a        0.4963 0.0241 20000 0.4487 0.5428
#> Y~~Y     0.5558 0.0234 20000 0.5093 0.6009
#> M~~M     0.7537 0.0239 20000 0.7054 0.7986
#> X~~X     1.0000 0.0000 20000 1.0000 1.0000
#> indirect 0.2542 0.0176 20000 0.2202 0.2893
#> direct   0.2422 0.0268 20000 0.1894 0.2942
#> total    0.4964 0.0239 20000 0.4482 0.5416
```

### coef


```r
coef(std)
#>        cp         b         a      Y~~Y      M~~M      X~~X  indirect    direct 
#> 0.2422015 0.5122827 0.4962890 0.5557501 0.7536972 1.0000000 0.2542403 0.2422015 
#>     total 
#> 0.4964418
```

### vcov


```r
vcov(std)
#>                     cp             b             a          Y~~Y          M~~M
#> cp        7.174093e-04 -4.670375e-04  5.322968e-06 -1.221923e-04 -5.201855e-06
#> b        -4.670375e-04  6.026613e-04  1.852195e-05 -3.028533e-04 -1.859742e-05
#> a         5.322968e-06  1.852195e-05  5.790920e-04 -1.714059e-04 -5.738500e-04
#> Y~~Y     -1.221923e-04 -3.028533e-04 -1.714059e-04  5.466602e-04  1.700995e-04
#> M~~M     -5.201855e-06 -1.859742e-05 -5.738500e-04  1.700995e-04  5.693214e-04
#> X~~X     -9.006186e-21  1.605899e-20 -1.577622e-20 -6.790599e-21  1.520843e-20
#> indirect -2.289204e-04  3.083329e-04  3.060336e-04 -2.378741e-04 -3.034064e-04
#> direct    7.174093e-04 -4.670375e-04  5.322968e-06 -1.221923e-04 -5.201855e-06
#> total     4.884889e-04 -1.587046e-04  3.113566e-04 -3.600664e-04 -3.086083e-04
#>                   X~~X      indirect        direct         total
#> cp       -9.006186e-21 -2.289204e-04  7.174093e-04  4.884889e-04
#> b         1.605899e-20  3.083329e-04 -4.670375e-04 -1.587046e-04
#> a        -1.577622e-20  3.060336e-04  5.322968e-06  3.113566e-04
#> Y~~Y     -6.790599e-21 -2.378741e-04 -1.221923e-04 -3.600664e-04
#> M~~M      1.520843e-20 -3.034064e-04 -5.201855e-06 -3.086083e-04
#> X~~X      1.190993e-32 -7.163067e-22 -9.006186e-21 -9.722493e-21
#> indirect -7.163067e-22  3.101178e-04 -2.289204e-04  8.119735e-05
#> direct   -9.006186e-21 -2.289204e-04  7.174093e-04  4.884889e-04
#> total    -9.722493e-21  8.119735e-05  4.884889e-04  5.696862e-04
```

### confint


```r
confint(std, level = 0.95)
#>              2.5 %    97.5 %
#> cp       0.1893904 0.2941830
#> b        0.4638872 0.5591084
#> a        0.4487261 0.5427696
#> Y~~Y     0.5093167 0.6009384
#> M~~M     0.7054012 0.7986449
#> X~~X     1.0000000 1.0000000
#> indirect 0.2202248 0.2892753
#> direct   0.1893904 0.2941830
#> total    0.4482174 0.5415613
```

# References
