---
title: "semmcci: Methods (MI)"
author: "Ivan Jacob Agaloos Pesigan"
date: "2023-08-24"
bibliography: "vignettes.bib"
csl: https://raw.githubusercontent.com/citation-style-language/styles/master/apa.csl
nocite: |
  @Pesigan-Cheung-2023
output:
  rmarkdown::html_vignette:
    toc: true
vignette: >
  %\VignetteIndexEntry{semmcci: Methods (MI)}
  %\VignetteEngine{knitr::rmarkdown}
  %\VignetteEncoding{UTF-8}
---

<!-- vignettes/methods-mc-mi.Rmd is generated from .setup/vignettes/methods-mc-mi.Rmd.orig. Please edit that file -->






```r
library(semmcci)
library(lavaan)
```

## Data




```r
summary(df)
#>        X                  M                  Y           
#>  Min.   :-3.19956   Min.   :-3.37128   Min.   :-3.61432  
#>  1st Qu.:-0.63268   1st Qu.:-0.70516   1st Qu.:-0.66921  
#>  Median : 0.02823   Median : 0.02825   Median :-0.04833  
#>  Mean   : 0.00269   Mean   :-0.01992   Mean   :-0.01538  
#>  3rd Qu.: 0.65754   3rd Qu.: 0.65240   3rd Qu.: 0.65293  
#>  Max.   : 3.47091   Max.   : 2.93497   Max.   : 3.09950  
#>  NA's   :100        NA's   :100        NA's   :100
```

## Multiple Imputation

Perform the appropriate multiple imputation approach to deal with missing values.
In this example, we impute multivariate missing data under the normal model.


```r
mi <- mice::mice(
  df,
  method = "norm",
  m = 100,
  print = FALSE,
  seed = 42
)
```

## Model Specification


```r
model <- "
  Y ~ cp * X + b * M
  M ~ a * X
  X ~~ X
  indirect := a * b
  direct := cp
  total := cp + (a * b)
"
```

## Model Fitting


```r
fit <- sem(data = df, model = model)
```

## Monte Carlo Confidence Intervals


```r
unstd <- MCMI(fit, mi = mi, R = 20000L, alpha = 0.05)
```

## Methods

### print


```r
print(unstd)
#> Monte Carlo Confidence Intervals (Multiple Imputation Estimates)
#>             est     se     R   2.5%  97.5%
#> cp       0.2328 0.0296 20000 0.1741 0.2913
#> b        0.5113 0.0296 20000 0.4534 0.5685
#> a        0.4811 0.0286 20000 0.4255 0.5369
#> X~~X     1.0617 0.0492 20000 0.9649 1.1592
#> Y~~Y     0.5533 0.0269 20000 0.5008 0.6066
#> M~~M     0.7568 0.0361 20000 0.6868 0.8270
#> indirect 0.2460 0.0202 20000 0.2078 0.2866
#> direct   0.2328 0.0296 20000 0.1741 0.2913
#> total    0.4788 0.0285 20000 0.4232 0.5345
```

### summary


```r
summary(unstd)
#> Monte Carlo Confidence Intervals (Multiple Imputation Estimates)
#>             est     se     R   2.5%  97.5%
#> cp       0.2328 0.0296 20000 0.1741 0.2913
#> b        0.5113 0.0296 20000 0.4534 0.5685
#> a        0.4811 0.0286 20000 0.4255 0.5369
#> X~~X     1.0617 0.0492 20000 0.9649 1.1592
#> Y~~Y     0.5533 0.0269 20000 0.5008 0.6066
#> M~~M     0.7568 0.0361 20000 0.6868 0.8270
#> indirect 0.2460 0.0202 20000 0.2078 0.2866
#> direct   0.2328 0.0296 20000 0.1741 0.2913
#> total    0.4788 0.0285 20000 0.4232 0.5345
```

### coef


```r
coef(unstd)
#>        cp         b         a      X~~X      Y~~Y      M~~M  indirect    direct 
#> 0.2328242 0.5113353 0.4810732 1.0617011 0.5533052 0.7567771 0.2459664 0.2328242 
#>     total 
#> 0.4787907
```

### vcov


```r
vcov(unstd)
#>                     cp             b             a          X~~X          Y~~Y
#> cp        8.770565e-04 -4.626859e-04 -2.616099e-05  1.090262e-05 -1.198232e-05
#> b        -4.626859e-04  8.769698e-04 -1.741525e-05 -1.572840e-05 -3.033156e-05
#> a        -2.616099e-05 -1.741525e-05  8.161796e-04 -7.742641e-06  3.053776e-05
#> X~~X      1.090262e-05 -1.572840e-05 -7.742641e-06  2.420547e-03 -2.754037e-05
#> Y~~Y     -1.198232e-05 -3.033156e-05  3.053776e-05 -2.754037e-05  7.247682e-04
#> M~~M     -2.094925e-05  9.415977e-06 -6.365293e-05 -6.362362e-06 -9.254879e-06
#> indirect -2.358645e-04  4.127912e-04  4.083999e-04 -1.165617e-05  8.904065e-07
#> direct    8.770565e-04 -4.626859e-04 -2.616099e-05  1.090262e-05 -1.198232e-05
#> total     6.411920e-04 -4.989465e-05  3.822389e-04 -7.535506e-07 -1.109191e-05
#>                   M~~M      indirect        direct         total
#> cp       -2.094925e-05 -2.358645e-04  8.770565e-04  6.411920e-04
#> b         9.415977e-06  4.127912e-04 -4.626859e-04 -4.989465e-05
#> a        -6.365293e-05  4.083999e-04 -2.616099e-05  3.822389e-04
#> X~~X     -6.362362e-06 -1.165617e-05  1.090262e-05 -7.535506e-07
#> Y~~Y     -9.254879e-06  8.904065e-07 -1.198232e-05 -1.109191e-05
#> M~~M      1.299653e-03 -2.798769e-05 -2.094925e-05 -4.893694e-05
#> indirect -2.798769e-05  4.077337e-04 -2.358645e-04  1.718692e-04
#> direct   -2.094925e-05 -2.358645e-04  8.770565e-04  6.411920e-04
#> total    -4.893694e-05  1.718692e-04  6.411920e-04  8.130612e-04
```

### confint


```r
confint(unstd, level = 0.95)
#>              2.5 %    97.5 %
#> cp       0.1741001 0.2913337
#> b        0.4533984 0.5684939
#> a        0.4254770 0.5368835
#> X~~X     0.9649418 1.1592091
#> Y~~Y     0.5008478 0.6066289
#> M~~M     0.6868441 0.8269779
#> indirect 0.2077966 0.2866199
#> direct   0.1741001 0.2913337
#> total    0.4231610 0.5345495
```

## Standardized Monte Carlo Confidence Intervals


```r
fit <- sem(data = df, model = model, fixed.x = FALSE)
unstd <- MCMI(fit, mi = mi, R = 20000L, alpha = 0.05)
```


```r
std <- MCStd(unstd, alpha = 0.05)
```

## Methods

### print


```r
print(std)
#> Standardized Monte Carlo Confidence Intervals
#>             est     se     R   2.5%  97.5%
#> cp       0.2450 0.0306 20000 0.1797 0.2998
#> b        0.5189 0.0275 20000 0.4581 0.5660
#> a        0.5031 0.0260 20000 0.4427 0.5447
#> X~~X     1.0000 0.0000 20000 1.0000 1.0000
#> Y~~Y     0.5429 0.0251 20000 0.5073 0.6050
#> M~~M     0.7469 0.0257 20000 0.7033 0.8040
#> indirect 0.2610 0.0190 20000 0.2171 0.2915
#> direct   0.2450 0.0306 20000 0.1797 0.2998
#> total    0.5060 0.0261 20000 0.4418 0.5444
```

### summary


```r
summary(std)
#> Standardized Monte Carlo Confidence Intervals
#>             est     se     R   2.5%  97.5%
#> cp       0.2450 0.0306 20000 0.1797 0.2998
#> b        0.5189 0.0275 20000 0.4581 0.5660
#> a        0.5031 0.0260 20000 0.4427 0.5447
#> X~~X     1.0000 0.0000 20000 1.0000 1.0000
#> Y~~Y     0.5429 0.0251 20000 0.5073 0.6050
#> M~~M     0.7469 0.0257 20000 0.7033 0.8040
#> indirect 0.2610 0.0190 20000 0.2171 0.2915
#> direct   0.2450 0.0306 20000 0.1797 0.2998
#> total    0.5060 0.0261 20000 0.4418 0.5444
```

### coef


```r
coef(std)
#>        cp         b         a      X~~X      Y~~Y      M~~M  indirect    direct 
#> 0.2449797 0.5188628 0.5030687 1.0000000 0.5428754 0.7469219 0.2610236 0.2449797 
#>     total 
#> 0.5060033
```

### vcov


```r
vcov(std)
#>                     cp             b             a          X~~X          Y~~Y
#> cp        9.340165e-04 -6.110632e-04 -7.722110e-06  2.407736e-21 -1.485386e-04
#> b        -6.110632e-04  7.565688e-04 -3.253616e-06  4.995556e-21 -3.504576e-04
#> a        -7.722110e-06 -3.253616e-06  6.750170e-04 -1.822314e-20 -1.537720e-04
#> X~~X      2.407736e-21  4.995556e-21 -1.822314e-20  1.193397e-32 -4.079329e-21
#> Y~~Y     -1.485386e-04 -3.504576e-04 -1.537720e-04 -4.079329e-21  6.275208e-04
#> M~~M      7.540972e-06  3.295523e-06 -6.664993e-04  1.767807e-20  1.517955e-04
#> indirect -3.061924e-04  3.724043e-04  3.447245e-04 -6.330627e-21 -2.518890e-04
#> direct    9.340165e-04 -6.110632e-04 -7.722110e-06  2.407736e-21 -1.485386e-04
#> total     6.278240e-04 -2.386589e-04  3.370024e-04 -3.922890e-21 -4.004276e-04
#>                   M~~M      indirect        direct         total
#> cp        7.540972e-06 -3.061924e-04  9.340165e-04  6.278240e-04
#> b         3.295523e-06  3.724043e-04 -6.110632e-04 -2.386589e-04
#> a        -6.664993e-04  3.447245e-04 -7.722110e-06  3.370024e-04
#> X~~X      1.767807e-20 -6.330627e-21  2.407736e-21 -3.922890e-21
#> Y~~Y      1.517955e-04 -2.518890e-04 -1.485386e-04 -4.004276e-04
#> M~~M      6.589700e-04 -3.403332e-04  7.540972e-06 -3.327922e-04
#> indirect -3.403332e-04  3.615069e-04 -3.061924e-04  5.531450e-05
#> direct    7.540972e-06 -3.061924e-04  9.340165e-04  6.278240e-04
#> total    -3.327922e-04  5.531450e-05  6.278240e-04  6.831385e-04
```

### confint


```r
confint(std, level = 0.95)
#>              2.5 %    97.5 %
#> cp       0.1797086 0.2997752
#> b        0.4580930 0.5660017
#> a        0.4427008 0.5446574
#> X~~X     1.0000000 1.0000000
#> Y~~Y     0.5073072 0.6049695
#> M~~M     0.7033484 0.8040160
#> indirect 0.2171292 0.2915283
#> direct   0.1797086 0.2997752
#> total    0.4418252 0.5443847
```

## References
