---
title: "semmcci: Methods (MI)"
author: "Ivan Jacob Agaloos Pesigan"
date: "2023-08-12"
bibliography: "vignettes.bib"
csl: https://raw.githubusercontent.com/citation-style-language/styles/master/apa.csl
nocite: |
  @Pesigan-Cheung-2023
output:
  rmarkdown::html_vignette:
    toc: true
vignette: >
  %\VignetteIndexEntry{semmcci: Methods (MI)}
  %\VignetteEngine{knitr::rmarkdown}
  %\VignetteEncoding{UTF-8}
---

<!-- vignettes/methods-mc-mi.Rmd is generated from .setup/vignettes/methods-mc-mi.Rmd.orig. Please edit that file -->






```r
library(semmcci)
library(lavaan)
```

## Data




```r
summary(df)
#>        X                  M                  Y           
#>  Min.   :-3.19956   Min.   :-3.37128   Min.   :-3.61432  
#>  1st Qu.:-0.63268   1st Qu.:-0.70516   1st Qu.:-0.66921  
#>  Median : 0.02823   Median : 0.02825   Median :-0.04833  
#>  Mean   : 0.00269   Mean   :-0.01992   Mean   :-0.01538  
#>  3rd Qu.: 0.65754   3rd Qu.: 0.65240   3rd Qu.: 0.65293  
#>  Max.   : 3.47091   Max.   : 2.93497   Max.   : 3.09950  
#>  NA's   :100        NA's   :100        NA's   :100
```

## Multiple Imputation

Perform the appropriate multiple imputation approach to deal with missing values.
In this example, we impute multivariate missing data under the normal model.


```r
mi <- mice::mice(
  df,
  method = "norm",
  m = 100,
  print = FALSE,
  seed = 42
)
```

## Model Specification


```r
model <- "
  Y ~ cp * X + b * M
  M ~ a * X
  X ~~ X
  indirect := a * b
  direct := cp
  total := cp + (a * b)
"
```

## Model Fitting


```r
fit <- sem(data = df, model = model)
```

## Monte Carlo Confidence Intervals


```r
unstd <- MCMI(fit, mi = mi, R = 20000L, alpha = 0.05)
```

## Methods

### print


```r
print(unstd)
#> Monte Carlo Confidence Intervals (Multiple Imputation Estimates)
#>             est     se     R   2.5%  97.5%
#> cp       0.2328 0.0299 20000 0.1751 0.2913
#> b        0.5113 0.0301 20000 0.4514 0.5702
#> a        0.4811 0.0288 20000 0.4240 0.5358
#> X~~X     1.0617 0.0487 20000 0.9671 1.1584
#> Y~~Y     0.5533 0.0271 20000 0.4997 0.6064
#> M~~M     0.7568 0.0364 20000 0.6859 0.8282
#> indirect 0.2460 0.0203 20000 0.2070 0.2872
#> direct   0.2328 0.0299 20000 0.1751 0.2913
#> total    0.4788 0.0285 20000 0.4227 0.5339
```

### summary


```r
summary(unstd)
#> Monte Carlo Confidence Intervals (Multiple Imputation Estimates)
#>             est     se     R   2.5%  97.5%
#> cp       0.2328 0.0299 20000 0.1751 0.2913
#> b        0.5113 0.0301 20000 0.4514 0.5702
#> a        0.4811 0.0288 20000 0.4240 0.5358
#> X~~X     1.0617 0.0487 20000 0.9671 1.1584
#> Y~~Y     0.5533 0.0271 20000 0.4997 0.6064
#> M~~M     0.7568 0.0364 20000 0.6859 0.8282
#> indirect 0.2460 0.0203 20000 0.2070 0.2872
#> direct   0.2328 0.0299 20000 0.1751 0.2913
#> total    0.4788 0.0285 20000 0.4227 0.5339
```

### coef


```r
coef(unstd)
#>        cp         b         a      X~~X      Y~~Y      M~~M  indirect    direct 
#> 0.2328242 0.5113353 0.4810732 1.0617011 0.5533052 0.7567771 0.2459664 0.2328242 
#>     total 
#> 0.4787907
```

### vcov


```r
vcov(unstd)
#>                     cp             b             a          X~~X          Y~~Y
#> cp        8.924409e-04 -4.827103e-04 -2.650339e-05  1.057711e-05 -1.265733e-05
#> b        -4.827103e-04  9.067362e-04 -2.662708e-05 -2.745745e-05 -2.218728e-05
#> a        -2.650339e-05 -2.662708e-05  8.281751e-04 -2.246164e-05  4.065469e-05
#> X~~X      1.057711e-05 -2.745745e-05 -2.246164e-05  2.371629e-03 -2.286562e-05
#> Y~~Y     -1.265733e-05 -2.218728e-05  4.065469e-05 -2.286562e-05  7.362009e-04
#> M~~M      7.639240e-06 -1.289555e-05 -6.981322e-05 -2.082464e-05 -5.635455e-06
#> indirect -2.459686e-04  4.225542e-04  4.107228e-04 -2.459512e-05  1.015833e-05
#> direct    8.924409e-04 -4.827103e-04 -2.650339e-05  1.057711e-05 -1.265733e-05
#> total     6.464722e-04 -6.015613e-05  3.842194e-04 -1.401802e-05 -2.499005e-06
#>                   M~~M      indirect        direct         total
#> cp        7.639240e-06 -2.459686e-04  8.924409e-04  6.464722e-04
#> b        -1.289555e-05  4.225542e-04 -4.827103e-04 -6.015613e-05
#> a        -6.981322e-05  4.107228e-04 -2.650339e-05  3.842194e-04
#> X~~X     -2.082464e-05 -2.459512e-05  1.057711e-05 -1.401802e-05
#> Y~~Y     -5.635455e-06  1.015833e-05 -1.265733e-05 -2.499005e-06
#> M~~M      1.324517e-03 -4.174932e-05  7.639240e-06 -3.411008e-05
#> indirect -4.174932e-05  4.140539e-04 -2.459686e-04  1.680853e-04
#> direct    7.639240e-06 -2.459686e-04  8.924409e-04  6.464722e-04
#> total    -3.411008e-05  1.680853e-04  6.464722e-04  8.145575e-04
```

### confint


```r
confint(unstd, level = 0.95)
#>              2.5 %    97.5 %
#> cp       0.1751470 0.2913313
#> b        0.4514444 0.5701915
#> a        0.4239818 0.5358247
#> X~~X     0.9670514 1.1583637
#> Y~~Y     0.4996720 0.6064448
#> M~~M     0.6859045 0.8281985
#> indirect 0.2069602 0.2871901
#> direct   0.1751470 0.2913313
#> total    0.4227035 0.5338689
```

## Standardized Monte Carlo Confidence Intervals


```r
fit <- sem(data = df, model = model, fixed.x = FALSE)
unstd <- MCMI(fit, mi = mi, R = 20000L, alpha = 0.05)
```


```r
std <- MCStd(unstd, alpha = 0.05)
```

## Methods

### print


```r
print(std)
#> Standardized Monte Carlo Confidence Intervals
#>             est     se     R   2.5%  97.5%
#> cp       0.2450 0.0304 20000 0.1802 0.2995
#> b        0.5189 0.0272 20000 0.4588 0.5653
#> a        0.5031 0.0262 20000 0.4433 0.5459
#> X~~X     1.0000 0.0000 20000 1.0000 1.0000
#> Y~~Y     0.5429 0.0250 20000 0.5072 0.6047
#> M~~M     0.7469 0.0259 20000 0.7020 0.8035
#> indirect 0.2610 0.0191 20000 0.2173 0.2920
#> direct   0.2450 0.0304 20000 0.1802 0.2995
#> total    0.5060 0.0261 20000 0.4418 0.5438
```

### summary


```r
summary(std)
#> Standardized Monte Carlo Confidence Intervals
#>             est     se     R   2.5%  97.5%
#> cp       0.2450 0.0304 20000 0.1802 0.2995
#> b        0.5189 0.0272 20000 0.4588 0.5653
#> a        0.5031 0.0262 20000 0.4433 0.5459
#> X~~X     1.0000 0.0000 20000 1.0000 1.0000
#> Y~~Y     0.5429 0.0250 20000 0.5072 0.6047
#> M~~M     0.7469 0.0259 20000 0.7020 0.8035
#> indirect 0.2610 0.0191 20000 0.2173 0.2920
#> direct   0.2450 0.0304 20000 0.1802 0.2995
#> total    0.5060 0.0261 20000 0.4418 0.5438
```

### coef


```r
coef(std)
#>        cp         b         a      X~~X      Y~~Y      M~~M  indirect    direct 
#> 0.2449797 0.5188628 0.5030687 1.0000000 0.5428754 0.7469219 0.2610236 0.2449797 
#>     total 
#> 0.5060033
```

### vcov


```r
vcov(std)
#>                     cp             b             a          X~~X          Y~~Y
#> cp        9.213900e-04 -5.989906e-04 -1.141677e-05 -2.360866e-20 -1.502200e-04
#> b        -5.989906e-04  7.409533e-04  4.338162e-06  3.402255e-20 -3.446059e-04
#> a        -1.141677e-05  4.338162e-06  6.846794e-04  1.321599e-20 -1.618794e-04
#> X~~X     -2.360866e-20  3.402255e-20  1.321599e-20  1.189514e-32 -2.337595e-20
#> Y~~Y     -1.502200e-04 -3.446059e-04 -1.618794e-04 -2.337595e-20  6.236099e-04
#> M~~M      1.137547e-05 -4.277018e-06 -6.766074e-04 -1.256102e-20  1.598453e-04
#> indirect -3.023079e-04  3.689734e-04  3.533027e-04  2.396421e-20 -2.534478e-04
#> direct    9.213900e-04 -5.989906e-04 -1.141677e-05 -2.360866e-20 -1.502200e-04
#> total     6.190820e-04 -2.300172e-04  3.418860e-04  3.555532e-22 -4.036678e-04
#>                   M~~M      indirect        direct         total
#> cp        1.137547e-05 -3.023079e-04  9.213900e-04  6.190820e-04
#> b        -4.277018e-06  3.689734e-04 -5.989906e-04 -2.300172e-04
#> a        -6.766074e-04  3.533027e-04 -1.141677e-05  3.418860e-04
#> X~~X     -1.256102e-20  2.396421e-20 -2.360866e-20  3.555532e-22
#> Y~~Y      1.598453e-04 -2.534478e-04 -1.502200e-04 -4.036678e-04
#> M~~M      6.695547e-04 -3.491482e-04  1.137547e-05 -3.377728e-04
#> indirect -3.491482e-04  3.643379e-04 -3.023079e-04  6.202997e-05
#> direct    1.137547e-05 -3.023079e-04  9.213900e-04  6.190820e-04
#> total    -3.377728e-04  6.202997e-05  6.190820e-04  6.811120e-04
```

### confint


```r
confint(std, level = 0.95)
#>              2.5 %    97.5 %
#> cp       0.1802000 0.2995265
#> b        0.4587885 0.5653364
#> a        0.4432637 0.5458680
#> X~~X     1.0000000 1.0000000
#> Y~~Y     0.5071932 0.6047079
#> M~~M     0.7020282 0.8035173
#> indirect 0.2173111 0.2920426
#> direct   0.1802000 0.2995265
#> total    0.4418130 0.5438179
```

## References
