---
title: "semmcci: Methods (MC)"
author: "Ivan Jacob Agaloos Pesigan"
date: "2023-10-03"
bibliography: "vignettes.bib"
csl: https://raw.githubusercontent.com/citation-style-language/styles/master/apa.csl
nocite: |
  @Pesigan-Cheung-2023
output:
  rmarkdown::html_vignette:
    toc: true
vignette: >
  %\VignetteIndexEntry{semmcci: Methods (MC)}
  %\VignetteEngine{knitr::rmarkdown}
  %\VignetteEncoding{UTF-8}
---

<!-- vignettes/methods-mc.Rmd is generated from .setup/vignettes/methods-mc.Rmd.orig. Please edit that file -->






```r
library(semmcci)
library(lavaan)
```

## Data




```r
summary(df)
#>        X                   M                   Y           
#>  Min.   :-3.199558   Min.   :-3.371276   Min.   :-3.61432  
#>  1st Qu.:-0.636035   1st Qu.:-0.692640   1st Qu.:-0.66146  
#>  Median : 0.011377   Median : 0.007125   Median :-0.04726  
#>  Mean   :-0.003207   Mean   :-0.023968   Mean   :-0.01677  
#>  3rd Qu.: 0.651951   3rd Qu.: 0.647363   3rd Qu.: 0.62640  
#>  Max.   : 3.470910   Max.   : 2.963216   Max.   : 3.09950
colMeans(df)
#>            X            M            Y 
#> -0.003206987 -0.023968103 -0.016774294
var(df)
#>           X         M         Y
#> X 1.0600162 0.5108780 0.5069458
#> M 0.5108780 0.9996606 0.6272104
#> Y 0.5069458 0.6272104 0.9837255
```

## Model Specification


```r
model <- "
  Y ~ cp * X + b * M
  M ~ a * X
  indirect := a * b
  direct := cp
  total := cp + (a * b)
"
```

## Model Fitting


```r
fit <- sem(data = df, model = model)
```

## Monte Carlo Confidence Intervals


```r
unstd <- MC(fit, R = 20000L, alpha = 0.05)
```

## Methods

### print


```r
print(unstd)
#> Monte Carlo Confidence Intervals
#>             est     se     R   2.5%  97.5%
#> cp       0.2333 0.0259 20000 0.1824 0.2848
#> b        0.5082 0.0272 20000 0.4546 0.5620
#> a        0.4820 0.0265 20000 0.4303 0.5337
#> Y~~Y     0.5462 0.0244 20000 0.4986 0.5939
#> M~~M     0.7527 0.0335 20000 0.6865 0.8186
#> X~~X     1.0590 0.0000 20000 1.0590 1.0590
#> indirect 0.2449 0.0188 20000 0.2095 0.2829
#> direct   0.2333 0.0259 20000 0.1824 0.2848
#> total    0.4782 0.0262 20000 0.4274 0.5298
```

### summary


```r
summary(unstd)
#> Monte Carlo Confidence Intervals
#>             est     se     R   2.5%  97.5%
#> cp       0.2333 0.0259 20000 0.1824 0.2848
#> b        0.5082 0.0272 20000 0.4546 0.5620
#> a        0.4820 0.0265 20000 0.4303 0.5337
#> Y~~Y     0.5462 0.0244 20000 0.4986 0.5939
#> M~~M     0.7527 0.0335 20000 0.6865 0.8186
#> X~~X     1.0590 0.0000 20000 1.0590 1.0590
#> indirect 0.2449 0.0188 20000 0.2095 0.2829
#> direct   0.2333 0.0259 20000 0.1824 0.2848
#> total    0.4782 0.0262 20000 0.4274 0.5298
```

### coef


```r
coef(unstd)
#>        cp         b         a      Y~~Y      M~~M      X~~X  indirect    direct 
#> 0.2333230 0.5081833 0.4819530 0.5461589 0.7526879 1.0589562 0.2449205 0.2333230 
#>     total 
#> 0.4782435
```

### vcov


```r
vcov(unstd)
#>                     cp             b             a          Y~~Y          M~~M
#> cp        6.693951e-04 -3.480289e-04 -3.988508e-06 -1.848001e-06  2.960941e-06
#> b        -3.480289e-04  7.389242e-04  5.852479e-07  1.498741e-06 -3.761456e-06
#> a        -3.988508e-06  5.852479e-07  7.023205e-04  2.878331e-06 -2.555329e-07
#> Y~~Y     -1.848001e-06  1.498741e-06  2.878331e-06  5.970847e-04  4.734325e-06
#> M~~M      2.960941e-06 -3.761456e-06 -2.555329e-07  4.734325e-06  1.122518e-03
#> X~~X      0.000000e+00  0.000000e+00  0.000000e+00  0.000000e+00  0.000000e+00
#> indirect -1.694171e-04  3.563699e-04  3.573409e-04  2.205198e-06 -1.826511e-06
#> direct    6.693951e-04 -3.480289e-04 -3.988508e-06 -1.848001e-06  2.960941e-06
#> total     4.999781e-04  8.340952e-06  3.533524e-04  3.571971e-07  1.134430e-06
#>          X~~X      indirect        direct        total
#> cp          0 -1.694171e-04  6.693951e-04 4.999781e-04
#> b           0  3.563699e-04 -3.480289e-04 8.340952e-06
#> a           0  3.573409e-04 -3.988508e-06 3.533524e-04
#> Y~~Y        0  2.205198e-06 -1.848001e-06 3.571971e-07
#> M~~M        0 -1.826511e-06  2.960941e-06 1.134430e-06
#> X~~X        0  0.000000e+00  0.000000e+00 0.000000e+00
#> indirect    0  3.539181e-04 -1.694171e-04 1.845010e-04
#> direct      0 -1.694171e-04  6.693951e-04 4.999781e-04
#> total       0  1.845010e-04  4.999781e-04 6.844791e-04
```

### confint


```r
confint(unstd, level = 0.95)
#>              2.5 %    97.5 %
#> cp       0.1824020 0.2847892
#> b        0.4545607 0.5620004
#> a        0.4302599 0.5337438
#> Y~~Y     0.4985532 0.5938619
#> M~~M     0.6865144 0.8185843
#> X~~X     1.0589562 1.0589562
#> indirect 0.2095042 0.2828632
#> direct   0.1824020 0.2847892
#> total    0.4274479 0.5298471
```

## Standardized Monte Carlo Confidence Intervals


```r
fit <- sem(data = df, model = model, fixed.x = FALSE)
unstd <- MC(fit, R = 20000L, alpha = 0.05)
```


```r
std <- MCStd(unstd, alpha = 0.05)
```

## Methods

### print


```r
print(std)
#> Standardized Monte Carlo Confidence Intervals
#>             est     se     R   2.5%  97.5%
#> cp       0.2422 0.0266 20000 0.1906 0.2937
#> b        0.5123 0.0243 20000 0.4636 0.5586
#> a        0.4963 0.0238 20000 0.4492 0.5420
#> Y~~Y     0.5558 0.0233 20000 0.5102 0.6014
#> M~~M     0.7537 0.0236 20000 0.7063 0.7983
#> X~~X     1.0000 0.0000 20000 1.0000 1.0000
#> indirect 0.2542 0.0174 20000 0.2203 0.2887
#> direct   0.2422 0.0266 20000 0.1906 0.2937
#> total    0.4964 0.0238 20000 0.4487 0.5416
```

### summary


```r
summary(std)
#> Standardized Monte Carlo Confidence Intervals
#>             est     se     R   2.5%  97.5%
#> cp       0.2422 0.0266 20000 0.1906 0.2937
#> b        0.5123 0.0243 20000 0.4636 0.5586
#> a        0.4963 0.0238 20000 0.4492 0.5420
#> Y~~Y     0.5558 0.0233 20000 0.5102 0.6014
#> M~~M     0.7537 0.0236 20000 0.7063 0.7983
#> X~~X     1.0000 0.0000 20000 1.0000 1.0000
#> indirect 0.2542 0.0174 20000 0.2203 0.2887
#> direct   0.2422 0.0266 20000 0.1906 0.2937
#> total    0.4964 0.0238 20000 0.4487 0.5416
```

### coef


```r
coef(std)
#>        cp         b         a      Y~~Y      M~~M      X~~X  indirect    direct 
#> 0.2422015 0.5122827 0.4962890 0.5557501 0.7536972 1.0000000 0.2542403 0.2422015 
#>     total 
#> 0.4964418
```

### vcov


```r
vcov(std)
#>                     cp             b             a          Y~~Y          M~~M
#> cp        7.082988e-04 -4.565329e-04  7.079075e-06 -1.272029e-04 -6.970472e-06
#> b        -4.565329e-04  5.908762e-04  1.673320e-05 -2.972676e-04 -1.652611e-05
#> a         7.079075e-06  1.673320e-05  5.681265e-04 -1.682305e-04 -5.630784e-04
#> Y~~Y     -1.272029e-04 -2.972676e-04 -1.682305e-04  5.432654e-04  1.666409e-04
#> M~~M     -6.970472e-06 -1.652611e-05 -5.630784e-04  1.666409e-04  5.587044e-04
#> X~~X     -3.615139e-20  2.033061e-20 -1.118491e-20  1.222875e-20  1.169268e-20
#> indirect -2.230296e-04  3.019087e-04  2.989851e-04 -2.335697e-04 -2.963173e-04
#> direct    7.082988e-04 -4.565329e-04  7.079075e-06 -1.272029e-04 -6.970472e-06
#> total     4.852692e-04 -1.546242e-04  3.060642e-04 -3.607727e-04 -3.032878e-04
#>                   X~~X      indirect        direct         total
#> cp       -3.615139e-20 -2.230296e-04  7.082988e-04  4.852692e-04
#> b         2.033061e-20  3.019087e-04 -4.565329e-04 -1.546242e-04
#> a        -1.118491e-20  2.989851e-04  7.079075e-06  3.060642e-04
#> Y~~Y      1.222875e-20 -2.335697e-04 -1.272029e-04 -3.607727e-04
#> M~~M      1.169268e-20 -2.963173e-04 -6.970472e-06 -3.032878e-04
#> X~~X      1.215153e-32  3.693334e-21 -3.615139e-20 -3.245805e-20
#> indirect  3.693334e-21  3.032002e-04 -2.230296e-04  8.017055e-05
#> direct   -3.615139e-20 -2.230296e-04  7.082988e-04  4.852692e-04
#> total    -3.245805e-20  8.017055e-05  4.852692e-04  5.654398e-04
```

### confint


```r
confint(std, level = 0.95)
#>              2.5 %    97.5 %
#> cp       0.1905600 0.2937367
#> b        0.4635871 0.5586135
#> a        0.4491536 0.5419580
#> Y~~Y     0.5101885 0.6013851
#> M~~M     0.7062815 0.7982611
#> X~~X     1.0000000 1.0000000
#> indirect 0.2202580 0.2887214
#> direct   0.1905600 0.2937367
#> total    0.4486678 0.5416469
```

# References
